# GENERATED FILE - DO NOT EDIT BY HAND
configurations:
- frames:
  - X_WF:
      rotation:
      - [1.0, 0.0, 0.0]
      - [0.0, 1.0, 0.0]
      - [0.0, 0.0, 1.0]
      translation: [0.0, 0.0, 0.0]
    name: WorldBody
  - X_WF:
      rotation:
      - [1.0, 0.0, 0.0]
      - [0.0, 1.0, 0.0]
      - [0.0, 0.0, 1.0]
      translation: [0.0, 0.0, 0.0]
    name: iiwa7::iiwa_link_0
  - X_WF:
      rotation:
      - [1.0, 0.0, 0.0]
      - [0.0, 1.0, 0.0]
      - [0.0, 0.0, 1.0]
      translation: [0.0, 0.0, 0.1575]
    name: iiwa7::iiwa_link_1
  - X_WF:
      rotation:
      - [-0.9999999999964794, -9.747179571296011e-12, -2.6535897933348283e-06]
      - [-2.65358979335273e-06, 3.673205103305044e-06, 0.9999999999897331]
      - [0.0, 0.9999999999932538, -3.673205103416066e-06]
      translation: [0.0, 0.0, 0.3405]
    name: iiwa7::iiwa_link_2
  - X_WF:
      rotation:
      - [1.0000000000000002, 0.0, 2.0020355763197498e-23]
      - [0.0, 1.0000000000000002, -9.8089803423837e-17]
      - [2.0020355763197498e-23, -9.8089803423837e-17, 1.0000000000000002]
      translation: [3.6839425620586745e-24, -1.8048472160976225e-17, 0.5245]
    name: iiwa7::iiwa_link_3
  - X_WF:
      rotation:
      - [1.0000000000000002, 2.0020355763062437e-23, -7.35388729615823e-29]
      - [0.0, -3.673205103514157e-06, -0.9999999999932541]
      - [2.0020355763197498e-23, 0.9999999999932541, -3.6732051033179773e-06]
      translation: [7.998329229027736e-24, -3.91868247988131e-17, 0.74]
    name: iiwa7::iiwa_link_4
  - X_WF:
      rotation:
      - [-0.9999999999964795, 2.6535897933527304e-06, 2.0020355763197498e-23]
      - [-2.653589793352731e-06, -0.9999999999964796, -9.8089803423837e-17]
      - [2.4026850296544885e-22, 9.808980342389012e-17, 1.0000000000000004]
      translation: [1.1682074689456077e-23, -5.723529695978932e-17, 0.924]
    name: iiwa7::iiwa_link_5
  - X_WF:
      rotation:
      - [-0.9999999999964797, -9.747179571275994e-12, -2.6535897933348288e-06]
      - [-2.653589793352731e-06, 3.6732051032069554e-06, 0.9999999999897335]
      - [2.4026850296544885e-22, 0.9999999999932543, -3.6732051035141577e-06]
      translation: [1.5996461356425136e-23, -7.837364959762619e-17, 1.1395]
    name: iiwa7::iiwa_link_6
  - X_WF:
      rotation:
      - [1.0000000000000007, 4.235164736271502e-22, 4.0039095939261103e-23]
      - [0.0, 1.0000000000000007, -1.9618003036414762e-16]
      - [4.004232711430429e-23, -1.9617960684831157e-16, 1.0000000000000007]
      translation: [1.9220163533716147e-23, -9.41663671409458e-17, 1.22]
    name: iiwa7::iiwa_link_7
  note: Zeros
  q:
    names: [iiwa_joint_1, iiwa_joint_2, iiwa_joint_3, iiwa_joint_4, iiwa_joint_5,
      iiwa_joint_6, iiwa_joint_7]
    values: [0.0, 0.0, 0.0, 0.0, 0.0, 0.0, 0.0]
- frames:
  - X_WF:
      rotation:
      - [1.0, 0.0, 0.0]
      - [0.0, 1.0, 0.0]
      - [0.0, 0.0, 1.0]
      translation: [0.0, 0.0, 0.0]
    name: WorldBody
  - X_WF:
      rotation:
      - [1.0, 0.0, 0.0]
      - [0.0, 1.0, 0.0]
      - [0.0, 0.0, 1.0]
      translation: [0.0, 0.0, 0.0]
    name: iiwa7::iiwa_link_0
  - X_WF:
      rotation:
      - [0.5403023058681398, -0.8414709848078965, 0.0]
      - [0.8414709848078965, 0.5403023058681398, 0.0]
      - [0.0, 0.0, 1.0]
      translation: [0.0, 0.0, 0.1575]
    name: iiwa7::iiwa_link_1
  - X_WF:
      rotation:
      - [-0.2919243488065844, 0.45464562251141266, -0.8414734294706293]
      - [-0.45465014715192437, 0.7080754029055503, 0.5402984985125137]
      - [0.841470984804934, 0.5403023058726968, 2.482776293262295e-07]
      translation: [0.0, 0.0, 0.3405]
    name: iiwa7::iiwa_link_2
  - X_WF:
      rotation:
      - [-0.5503448130225779, -0.700296461629782, 0.4546487134128411]
      - [0.700296461629782, -0.09064711889071747, 0.7080734182735714]
      - [-0.4546487134128411, 0.7080734182735713, 0.5403023058681399]
      translation: [0.0836553632679627, 0.13028550896233704, 0.4399156242797377]
    name: iiwa7::iiwa_link_3
  - X_WF:
      rotation:
      - [0.08522112911847746, 0.7087495123427228, 0.7002938582521807]
      - [0.9741950296008263, -0.20670511964109728, 0.09064787816162938]
      - [0.20900096519589995, 0.6744976814401316, -0.708075895846674]
      translation: [0.18163216100842997, 0.2828753306002917, 0.5563507711943219]
    name: iiwa7::iiwa_link_4
  - X_WF:
      rotation:
      - [0.5432351749871766, 0.45008145893390566, 0.7087469400149674]
      - [-0.450080595191177, 0.8687348926424554, -0.20670545260795148]
      - [-0.7087474885239513, -0.20670357188357785, 0.6745002823435755]
      translation: [0.31204159797118397, 0.2448415273204286, 0.6804588231455397]
    name: iiwa7::iiwa_link_5
  - X_WF:
      rotation:
      - [0.8899017522993572, -0.07417967995233882, -0.450080266548872]
      - [-0.4171151644548323, 0.26704507776908404, -0.8687357860829282]
      - [0.18463426235764835, 0.9608248027197643, 0.20670241324709926]
      translation: [0.4647765635444094, 0.20029650228341508, 0.8258136339905802]
    name: iiwa7::iiwa_link_6
  - X_WF:
      rotation:
      - [-0.8595470249545674, 0.5056446699456708, -0.07417802671470634]
      - [-0.5056446699456709, -0.8203710684074894, 0.2670482688120055]
      - [0.07417802671470633, 0.26704826881200533, 0.9608240434529232]
      translation: [0.45880523239387555, 0.2217938879227815, 0.9031599694885405]
    name: iiwa7::iiwa_link_7
  note: Ones
  q:
    names: [iiwa_joint_1, iiwa_joint_2, iiwa_joint_3, iiwa_joint_4, iiwa_joint_5,
      iiwa_joint_6, iiwa_joint_7]
    values: [1.0, 1.0, 1.0, 1.0, 1.0, 1.0, 1.0]
- frames:
  - X_WF:
      rotation:
      - [1.0, 0.0, 0.0]
      - [0.0, 1.0, 0.0]
      - [0.0, 0.0, 1.0]
      translation: [0.0, 0.0, 0.0]
    name: WorldBody
  - X_WF:
      rotation:
      - [1.0, 0.0, 0.0]
      - [0.0, 1.0, 0.0]
      - [0.0, 0.0, 1.0]
      translation: [0.0, 0.0, 0.0]
    name: iiwa7::iiwa_link_0
  - X_WF:
      rotation:
      - [0.9950041652780258, -0.09983341664682815, 0.0]
      - [0.09983341664682815, 0.9950041652780258, 0.0]
      - [0.0, 0.0, 1.0]
      translation: [0.0, 0.0, 0.1575]
    name: iiwa7::iiwa_link_1
  - X_WF:
      rotation:
      - [-0.9751700622814472, 0.19767644493462969, -0.09983673045530357]
      - [-0.09784603533980855, 0.019837492929500086, 0.9950038327778207]
      - [0.19866933079436178, 0.9800665778365664, -3.072798646969488e-06]
      translation: [0.0, 0.0, 0.3405]
    name: iiwa7::iiwa_link_2
  - X_WF:
      rotation:
      - [0.9021130047692731, -0.38355704238148147, 0.19767681165408396]
      - [0.3875172020222175, 0.9216490856090722, 0.01983383807620978]
      - [-0.18979606097868748, 0.058710801693826455, 0.9800665778412416]
      translation: [0.03637253334435143, 0.0036494262060225977, 0.5208322503227885]
    name: iiwa7::iiwa_link_3
  - X_WF:
      rotation:
      - [0.9078800771829089, -0.16922554137406723, 0.3835576639841913]
      - [0.3646506396330563, -0.13264151721944234, -0.9216485983957919]
      - [0.20684215351218627, 0.9766109481550873, -0.058714388986541376]
      translation: [0.07897188625580653, 0.007923618311445805, 0.732036597847576]
    name: iiwa7::iiwa_link_4
  - X_WF:
      rotation:
      - [-0.6128506341819929, 0.7718654931325817, -0.16922695025889442]
      - [-0.7618748341704806, -0.6339983147032324, -0.13263813181421236]
      - [-0.20966839828746794, 0.04764239146661669, 0.9766111638184922]
      translation: [0.04783412740816996, -0.016481797942369265, 0.9117330519901786]
    name: iiwa7::iiwa_link_5
  - X_WF:
      rotation:
      - [-0.6013598210199719, 0.2063707901410971, -0.7718662206881239]
      - [-0.7036958514094259, 0.3207172955664522, 0.6339972910302577]
      - [0.3783893687354225, 0.9244195548024073, -0.04764422658547605]
      translation: [0.011365719627378229, -0.04506531534833202, 1.1221927577930635]
    name: iiwa7::iiwa_link_6
  - X_WF:
      rotation:
      - [-0.037301427767969464, -0.9777620008167378, 0.20637362536264586]
      - [0.9466492178504187, 0.031577973936124826, 0.3207149667622036]
      - [-0.32009976855609096, 0.20732655720129065, 0.9244197298031873]
      translation: [0.027978796469071216, -0.01924776052397464, 1.19660854604222]
    name: iiwa7::iiwa_link_7
  note: Incrementing
  q:
    names: [iiwa_joint_1, iiwa_joint_2, iiwa_joint_3, iiwa_joint_4, iiwa_joint_5,
      iiwa_joint_6, iiwa_joint_7]
    values: [0.1, 0.2, 0.30000000000000004, 0.4, 0.5, 0.6, 0.7000000000000001]
- frames:
  - X_WF:
      rotation:
      - [1.0, 0.0, 0.0]
      - [0.0, 1.0, 0.0]
      - [0.0, 0.0, 1.0]
      translation: [0.0, 0.0, 0.0]
    name: WorldBody
  - X_WF:
      rotation:
      - [1.0, 0.0, 0.0]
      - [0.0, 1.0, 0.0]
      - [0.0, 0.0, 1.0]
      translation: [0.0, 0.0, 0.0]
    name: iiwa7::iiwa_link_0
  - X_WF:
      rotation:
      - [6.123233995736766e-17, -1.0, 0.0]
      - [1.0, 6.123233995736766e-17, 0.0]
      - [0.0, 0.0, 1.0]
      translation: [0.0, 0.0, 0.1575]
    name: iiwa7::iiwa_link_1
  - X_WF:
      rotation:
      - [2.6535897933527312e-06, -3.6732051032438123e-06, -0.9999999999897333]
      - [-6.123274270947698e-17, 0.9999999999932541, -3.673205103256745e-06]
      - [0.9999999999964794, 9.747240803295685e-12, 2.653589793236738e-06]
      translation: [0.0, 0.0, 0.3405]
    name: iiwa7::iiwa_link_2
  - X_WF:
      rotation:
      - [-1.0000000000000004, -6.123158824053974e-17, 1.59322238697324e-16]
      - [6.1232435273487e-17, -6.123233995546169e-17, 1.0000000000000004]
      - [-1.59322238697324e-16, 1.0000000000000002, 6.123233995869286e-17]
      translation: [2.931538678799771e-17, 0.18399999999999994, 0.3405]
    name: iiwa7::iiwa_link_3
  - X_WF:
      rotation:
      - [9.808989873995633e-17, 0.9999999999932543, -3.6732051033548363e-06]
      - [1.0000000000000007, 1.2960133140574869e-22, 6.123214135786872e-17]
      - [6.123233995869286e-17, -3.6732051032567452e-06, -0.9999999999932542]
      translation: [6.364932922727104e-17, 0.3995000000000001, 0.3405]
    name: iiwa7::iiwa_link_4
  - X_WF:
      rotation:
      - [6.123201175701337e-17, 9.80897362558019e-17, 1.0000000000000007]
      - [2.6535897933527312e-06, 0.9999999999964799, -9.531688272394298e-23]
      - [-0.9999999999964797, 2.653589793352731e-06, 1.59322238697324e-16]
      translation: [0.18400000000000016, 0.3995000000000001, 0.3405000000000001]
    name: iiwa7::iiwa_link_5
  - X_WF:
      rotation:
      - [0.99999999999648, 9.74717957118392e-12, 2.65358979313865e-06]
      - [2.6535897933527333e-06, -3.6732051033050464e-06, -0.9999999999897341]
      - [9.808965846932038e-17, 0.9999999999932546, -3.673205103317978e-06]
      translation: [0.3995000000000002, 0.3995000000000001, 0.34050000000000014]
    name: iiwa7::iiwa_link_6
  - X_WF:
      rotation:
      - [-2.574124656376346e-16, 1.0000000000000009, 5.884921538045963e-22]
      - [-1.000000000000001, -6.123158824053974e-17, 9.809107397325788e-17]
      - [1.0102597043278005e-21, 9.808989874070918e-17, 1.0000000000000009]
      translation: [0.3995000000000002, 0.3995000000000001, 0.42100000000000015]
    name: iiwa7::iiwa_link_7
  note: Pi/2
  q:
    names: [iiwa_joint_1, iiwa_joint_2, iiwa_joint_3, iiwa_joint_4, iiwa_joint_5,
      iiwa_joint_6, iiwa_joint_7]
    values: [1.5707963267948966, 1.5707963267948966, 1.5707963267948966, 1.5707963267948966,
      1.5707963267948966, 1.5707963267948966, 1.5707963267948966]
expression: {expr: make_plant('drake/manipulation/models/iiwa_description/iiwa7/iiwa7_no_collision.sdf'),
  module: __main__}
type_name: tuple
