# GENERATED FILE - DO NOT EDIT BY HAND
configurations:
- frames:
  - X_WF:
      rotation:
      - [1.0, 0.0, 0.0]
      - [0.0, 1.0, 0.0]
      - [0.0, 0.0, 1.0]
      translation: [0.0, 0.0, 0.0]
    name: WorldBody
  - X_WF:
      rotation:
      - [1.0, 0.0, 0.0]
      - [0.0, 1.0, 0.0]
      - [0.0, 0.0, 1.0]
      translation: [0.0, 0.0, 0.0]
    name: iiwa7::iiwa_link_0
  - X_WF:
      rotation:
      - [1.0, 0.0, 0.0]
      - [0.0, 1.0, 0.0]
      - [0.0, 0.0, 1.0]
      translation: [0.0, 0.0, 0.1575]
    name: iiwa7::iiwa_link_1
  - X_WF:
      rotation:
      - [-0.9999999999964794, -9.747179571296011e-12, -2.6535897933348283e-06]
      - [-2.65358979335273e-06, 3.673205103305044e-06, 0.9999999999897331]
      - [0.0, 0.9999999999932538, -3.673205103416066e-06]
      translation: [0.0, 0.0, 0.3405]
    name: iiwa7::iiwa_link_2
  - X_WF:
      rotation:
      - [1.0000000000000002, 0.0, 2.0020355763197498e-23]
      - [0.0, 1.0000000000000002, -9.8089803423837e-17]
      - [2.0020355763197498e-23, -9.8089803423837e-17, 1.0000000000000002]
      translation: [3.6839425620586745e-24, -1.8048472160976225e-17, 0.5245]
    name: iiwa7::iiwa_link_3
  - X_WF:
      rotation:
      - [1.0000000000000002, 2.0020355763062437e-23, -7.35388729615823e-29]
      - [0.0, -3.673205103514157e-06, -0.9999999999932541]
      - [2.0020355763197498e-23, 0.9999999999932541, -3.6732051033179773e-06]
      translation: [7.998329229027736e-24, -3.91868247988131e-17, 0.74]
    name: iiwa7::iiwa_link_4
  - X_WF:
      rotation:
      - [-0.9999999999964795, 2.6535897933527304e-06, 2.0020355763197498e-23]
      - [-2.653589793352731e-06, -0.9999999999964796, -9.8089803423837e-17]
      - [2.4026850296544885e-22, 9.808980342389012e-17, 1.0000000000000004]
      translation: [1.1682074689456077e-23, -5.723529695978932e-17, 0.924]
    name: iiwa7::iiwa_link_5
  - X_WF:
      rotation:
      - [-0.9999999999964797, -9.747179571275994e-12, -2.6535897933348288e-06]
      - [-2.653589793352731e-06, 3.6732051032069554e-06, 0.9999999999897335]
      - [2.4026850296544885e-22, 0.9999999999932543, -3.6732051035141577e-06]
      translation: [1.5996461356425136e-23, -7.837364959762619e-17, 1.1395]
    name: iiwa7::iiwa_link_6
  - X_WF:
      rotation:
      - [1.0000000000000007, 4.235164736271502e-22, 4.0039095939261103e-23]
      - [0.0, 1.0000000000000007, -1.9618003036414762e-16]
      - [4.004232711430429e-23, -1.9617960684831157e-16, 1.0000000000000007]
      translation: [1.9220163533716147e-23, -9.41663671409458e-17, 1.22]
    name: iiwa7::iiwa_link_7
  note: Zeros
  q:
    names: [iiwa_joint_1, iiwa_joint_2, iiwa_joint_3, iiwa_joint_4, iiwa_joint_5,
      iiwa_joint_6, iiwa_joint_7]
    values: [0.0, 0.0, 0.0, 0.0, 0.0, 0.0, 0.0]
- frames:
  - X_WF:
      rotation:
      - [1.0, 0.0, 0.0]
      - [0.0, 1.0, 0.0]
      - [0.0, 0.0, 1.0]
      translation: [0.0, 0.0, 0.0]
    name: WorldBody
  - X_WF:
      rotation:
      - [1.0, 0.0, 0.0]
      - [0.0, 1.0, 0.0]
      - [0.0, 0.0, 1.0]
      translation: [0.0, 0.0, 0.0]
    name: iiwa7::iiwa_link_0
  - X_WF:
      rotation:
      - [0.5403023058681398, -0.8414709848078965, 0.0]
      - [0.8414709848078965, 0.5403023058681398, 0.0]
      - [0.0, 0.0, 1.0]
      translation: [0.0, 0.0, 0.1575]
    name: iiwa7::iiwa_link_1
  - X_WF:
      rotation:
      - [-0.2919243488065843, 0.4546456225114126, -0.8414734294706292]
      - [-0.4546501471519244, 0.7080754029055502, 0.5402984985125134]
      - [0.8414709848049339, 0.5403023058726968, 2.482776293772662e-07]
      translation: [-2.523810154628428e-17, -3.9306014303807985e-17, 0.3405]
    name: iiwa7::iiwa_link_2
  - X_WF:
      rotation:
      - [-0.5503448130225779, -0.7002964616297819, 0.454648713412841]
      - [0.7002964616297819, -0.09064711889071764, 0.7080734182735713]
      - [-0.45464871341284097, 0.7080734182735713, 0.5403023058681399]
      translation: [0.08365536326796268, 0.130285508962337, 0.4399156242797377]
    name: iiwa7::iiwa_link_3
  - X_WF:
      rotation:
      - [0.08522112911847757, 0.7087495123427227, 0.7002938582521806]
      - [0.9741950296008262, -0.20670511964109722, 0.09064787816162935]
      - [0.2090009651958999, 0.6744976814401314, -0.7080758958466739]
      translation: [0.18163216100842988, 0.28287533060029185, 0.5563507711943219]
    name: iiwa7::iiwa_link_4
  - X_WF:
      rotation:
      - [0.5432351749871763, 0.4500814589339057, 0.7087469400149673]
      - [-0.45008059519117694, 0.8687348926424553, -0.20670545260795142]
      - [-0.7087474885239511, -0.20670357188357777, 0.6745002823435754]
      translation: [0.31204159797118386, 0.2448415273204288, 0.6804588231455397]
    name: iiwa7::iiwa_link_5
  - X_WF:
      rotation:
      - [0.8899017522993571, -0.0741796799523387, -0.4500802665488719]
      - [-0.4171151644548321, 0.267045077769084, -0.868735786082928]
      - [0.18463426235764835, 0.9608248027197639, 0.20670241324709912]
      translation: [0.46477656354440944, 0.20029650228341517, 0.8258136339905802]
    name: iiwa7::iiwa_link_6
  - X_WF:
      rotation:
      - [-0.8595470249545673, 0.5056446699456708, -0.07417802671470623]
      - [-0.5056446699456708, -0.8203710684074892, 0.26704826881200544]
      - [0.07417802671470619, 0.2670482688120053, 0.9608240434529227]
      translation: [0.4588052323938756, 0.2217938879227816, 0.9031599694885404]
    name: iiwa7::iiwa_link_7
  note: Ones
  q:
    names: [iiwa_joint_1, iiwa_joint_2, iiwa_joint_3, iiwa_joint_4, iiwa_joint_5,
      iiwa_joint_6, iiwa_joint_7]
    values: [1.0, 1.0, 1.0, 1.0, 1.0, 1.0, 1.0]
- frames:
  - X_WF:
      rotation:
      - [1.0, 0.0, 0.0]
      - [0.0, 1.0, 0.0]
      - [0.0, 0.0, 1.0]
      translation: [0.0, 0.0, 0.0]
    name: WorldBody
  - X_WF:
      rotation:
      - [1.0, 0.0, 0.0]
      - [0.0, 1.0, 0.0]
      - [0.0, 0.0, 1.0]
      translation: [0.0, 0.0, 0.0]
    name: iiwa7::iiwa_link_0
  - X_WF:
      rotation:
      - [0.9950041652780258, -0.09983341664682815, 0.0]
      - [0.09983341664682815, 0.9950041652780258, 0.0]
      - [0.0, 0.0, 1.0]
      translation: [0.0, 0.0, 0.1575]
    name: iiwa7::iiwa_link_1
  - X_WF:
      rotation:
      - [-0.9751700622814472, 0.19767644493462969, -0.0998367304553036]
      - [-0.09784603533980858, 0.019837492929500086, 0.9950038327778207]
      - [0.19866933079436178, 0.9800665778365664, -3.072798646967275e-06]
      translation: [-1.0973286079310209e-17, -1.101001060467432e-18, 0.3405]
    name: iiwa7::iiwa_link_2
  - X_WF:
      rotation:
      - [0.9021130047692731, -0.38355704238148147, 0.19767681165408396]
      - [0.38751720202221757, 0.9216490856090722, 0.01983383807620978]
      - [-0.18979606097868748, 0.058710801693826455, 0.9800665778412416]
      translation: [0.036372533344351414, 0.0036494262060225964, 0.5208322503227885]
    name: iiwa7::iiwa_link_3
  - X_WF:
      rotation:
      - [0.9078800771829089, -0.16922554137406728, 0.38355766398419117]
      - [0.3646506396330563, -0.13264151721944234, -0.921648598395792]
      - [0.20684215351218627, 0.9766109481550873, -0.058714388986541376]
      translation: [0.07897188625580659, 0.007923618311445838, 0.732036597847576]
    name: iiwa7::iiwa_link_4
  - X_WF:
      rotation:
      - [-0.612850634181993, 0.7718654931325815, -0.16922695025889448]
      - [-0.7618748341704806, -0.6339983147032325, -0.13263813181421236]
      - [-0.20966839828746794, 0.04764239146661669, 0.9766111638184922]
      translation: [0.04783412740817, -0.01648179794236923, 0.9117330519901786]
    name: iiwa7::iiwa_link_5
  - X_WF:
      rotation:
      - [-0.6013598210199721, 0.2063707901410971, -0.7718662206881237]
      - [-0.7036958514094259, 0.3207172955664522, 0.6339972910302577]
      - [0.3783893687354225, 0.9244195548024073, -0.047644226585476034]
      translation: [0.011365719627378174, -0.04506531534833208, 1.1221927577930635]
    name: iiwa7::iiwa_link_6
  - X_WF:
      rotation:
      - [-0.03730142776796913, -0.9777620008167378, 0.20637362536264586]
      - [0.9466492178504187, 0.031577973936124826, 0.3207149667622036]
      - [-0.3200997685560909, 0.20732655720129067, 0.9244197298031873]
      translation: [0.02797879646907116, -0.019247760523974703, 1.19660854604222]
    name: iiwa7::iiwa_link_7
  note: Incrementing
  q:
    names: [iiwa_joint_1, iiwa_joint_2, iiwa_joint_3, iiwa_joint_4, iiwa_joint_5,
      iiwa_joint_6, iiwa_joint_7]
    values: [0.1, 0.2, 0.30000000000000004, 0.4, 0.5, 0.6, 0.7000000000000001]
- frames:
  - X_WF:
      rotation:
      - [1.0, 0.0, 0.0]
      - [0.0, 1.0, 0.0]
      - [0.0, 0.0, 1.0]
      translation: [0.0, 0.0, 0.0]
    name: WorldBody
  - X_WF:
      rotation:
      - [1.0, 0.0, 0.0]
      - [0.0, 1.0, 0.0]
      - [0.0, 0.0, 1.0]
      translation: [0.0, 0.0, 0.0]
    name: iiwa7::iiwa_link_0
  - X_WF:
      rotation:
      - [6.123233995736766e-17, -1.0, 0.0]
      - [1.0, 6.123233995736766e-17, 0.0]
      - [0.0, 0.0, 1.0]
      translation: [0.0, 0.0, 0.1575]
    name: iiwa7::iiwa_link_1
  - X_WF:
      rotation:
      - [2.653589793463752e-06, -3.6732051033548346e-06, -0.9999999999897331]
      - [-6.123244810070078e-17, 0.999999999993254, -3.673205103367768e-06]
      - [0.9999999999964793, 9.747240803703492e-12, 2.6535897933477613e-06]
      translation: [2.763896405535904e-33, -5.551117953143425e-17, 0.3405000000000001]
    name: iiwa7::iiwa_link_2
  - X_WF:
      rotation:
      - [-1.0000000000000002, 4.978944367255503e-17, 4.8299089201861087e-17]
      - [-4.9791137738449537e-17, -6.123233995707727e-17, 1.0000000000000002]
      - [-4.829866568538746e-17, 1.0000000000000002, 6.12323399538461e-17]
      translation: [8.887069682592122e-18, 0.18399999999999986, 0.3405000000000001]
    name: iiwa7::iiwa_link_3
  - X_WF:
      rotation:
      - [-1.2933250755506586e-17, 0.9999999999932541, -3.6732051032438123e-06]
      - [1.0000000000000004, 1.1102288699951026e-16, -1.608124478614284e-16]
      - [-1.6081184145471163e-16, -3.6732051031457246e-06, -0.9999999999932542]
      translation: [-2.027494893256282e-16, 0.3995000000000002, 0.3405000000000001]
    name: iiwa7::iiwa_link_4
  - X_WF:
      rotation:
      - [1.7225473773600265e-16, -1.2933707848437217e-17, 1.0000000000000004]
      - [2.6535897931306866e-06, 0.9999999999964797, 1.1102347769586545e-16]
      - [-0.9999999999964797, 2.6535897931306866e-06, 2.7034284709394514e-16]
      translation: [0.18399999999999986, 0.3995000000000002, 0.34050000000000014]
    name: iiwa7::iiwa_link_5
  - X_WF:
      rotation:
      - [0.9999999999964797, 9.747068548978948e-12, 2.6535897933606963e-06]
      - [2.6535897935747767e-06, -3.6732051031940246e-06, -0.9999999999897337]
      - [2.091099722587809e-16, 0.9999999999932545, -3.6732051032069566e-06]
      translation: [0.3995000000000001, 0.3995000000000002, 0.34049999999999997]
    name: iiwa7::iiwa_link_6
  - X_WF:
      rotation:
      - [-3.5365743130235175e-17, 1.0000000000000007, -1.1102243210207404e-16]
      - [-1.0000000000000007, 1.6081301668449156e-16, 2.091112588534054e-16]
      - [1.1102174757042756e-16, 2.0911050713370828e-16, 1.0000000000000009]
      translation: [0.3995000000000001, 0.3995000000000002, 0.421]
    name: iiwa7::iiwa_link_7
  note: Pi/2
  q:
    names: [iiwa_joint_1, iiwa_joint_2, iiwa_joint_3, iiwa_joint_4, iiwa_joint_5,
      iiwa_joint_6, iiwa_joint_7]
    values: [1.5707963267948966, 1.5707963267948966, 1.5707963267948966, 1.5707963267948966,
      1.5707963267948966, 1.5707963267948966, 1.5707963267948966]
expression: {expr: make_plant('drake/manipulation/models/iiwa_description/iiwa7/iiwa7_no_collision.sdf'),
  module: __main__}
type_name: tuple
