# GENERATED FILE - DO NOT EDIT BY HAND
configurations:
- frames:
  - X_WF:
      rotation:
      - [1.0, 0.0, 0.0]
      - [0.0, 1.0, 0.0]
      - [0.0, 0.0, 1.0]
      translation: [0.0, 0.0, 0.0]
    name: WorldBody
  - X_WF:
      rotation:
      - [1.0, 0.0, 0.0]
      - [0.0, 1.0, 0.0]
      - [0.0, 0.0, 1.0]
      translation: [0.0, 0.0, 0.0]
    name: iiwa7::iiwa_link_0
  - X_WF:
      rotation:
      - [1.0, 0.0, 0.0]
      - [0.0, 1.0, 0.0]
      - [0.0, 0.0, 1.0]
      translation: [0.0, 0.0, 0.1575]
    name: iiwa7::iiwa_link_1
  - X_WF:
      rotation:
      - [-0.9999999999964794, -9.747179571296011e-12, -2.6535897933348283e-06]
      - [-2.65358979335273e-06, 3.673205103305044e-06, 0.9999999999897331]
      - [0.0, 0.9999999999932538, -3.673205103416066e-06]
      translation: [0.0, 0.0, 0.3405]
    name: iiwa7::iiwa_link_2
  - X_WF:
      rotation:
      - [1.0000000000000002, 0.0, 2.0020355763197498e-23]
      - [0.0, 1.0000000000000002, -9.8089803423837e-17]
      - [2.0020355763197498e-23, -9.8089803423837e-17, 1.0000000000000002]
      translation: [3.6839425620586745e-24, -1.8048472160976225e-17, 0.5245]
    name: iiwa7::iiwa_link_3
  - X_WF:
      rotation:
      - [1.0000000000000002, 2.0020355763062437e-23, -7.35388729615823e-29]
      - [0.0, -3.673205103514157e-06, -0.9999999999932541]
      - [2.0020355763197498e-23, 0.9999999999932541, -3.6732051033179773e-06]
      translation: [7.998329229027736e-24, -3.91868247988131e-17, 0.74]
    name: iiwa7::iiwa_link_4
  - X_WF:
      rotation:
      - [-0.9999999999964795, 2.6535897933527304e-06, 2.0020355763197498e-23]
      - [-2.653589793352731e-06, -0.9999999999964796, -9.8089803423837e-17]
      - [2.4026850296544885e-22, 9.808980342389012e-17, 1.0000000000000004]
      translation: [1.1682074689456077e-23, -5.723529695978932e-17, 0.924]
    name: iiwa7::iiwa_link_5
  - X_WF:
      rotation:
      - [-0.9999999999964797, -9.747179571275994e-12, -2.6535897933348288e-06]
      - [-2.653589793352731e-06, 3.6732051032069554e-06, 0.9999999999897335]
      - [2.4026850296544885e-22, 0.9999999999932543, -3.6732051035141577e-06]
      translation: [1.5996461356425136e-23, -7.837364959762619e-17, 1.1395]
    name: iiwa7::iiwa_link_6
  - X_WF:
      rotation:
      - [1.0000000000000007, 4.235164736271502e-22, 4.0039095939261103e-23]
      - [0.0, 1.0000000000000007, -1.9618003036414762e-16]
      - [4.004232711430429e-23, -1.9617960684831157e-16, 1.0000000000000007]
      translation: [1.9220163533716147e-23, -9.41663671409458e-17, 1.22]
    name: iiwa7::iiwa_link_7
  note: Zeros
  q:
    names: [iiwa_joint_1, iiwa_joint_2, iiwa_joint_3, iiwa_joint_4, iiwa_joint_5,
      iiwa_joint_6, iiwa_joint_7]
    values: [0.0, 0.0, 0.0, 0.0, 0.0, 0.0, 0.0]
- frames:
  - X_WF:
      rotation:
      - [1.0, 0.0, 0.0]
      - [0.0, 1.0, 0.0]
      - [0.0, 0.0, 1.0]
      translation: [0.0, 0.0, 0.0]
    name: WorldBody
  - X_WF:
      rotation:
      - [1.0, 0.0, 0.0]
      - [0.0, 1.0, 0.0]
      - [0.0, 0.0, 1.0]
      translation: [0.0, 0.0, 0.0]
    name: iiwa7::iiwa_link_0
  - X_WF:
      rotation:
      - [0.5403023058681398, -0.8414709848078965, 0.0]
      - [0.8414709848078965, 0.5403023058681398, 0.0]
      - [0.0, 0.0, 1.0]
      translation: [0.0, 0.0, 0.1575]
    name: iiwa7::iiwa_link_1
  - X_WF:
      rotation:
      - [0.4161492494432713, -3.0909007821030848e-06, -0.9092963225364152]
      - [-0.9092963225364152, 1.9846329852735405e-06, -0.41614924945001763]
      - [3.0908955157729085e-06, 0.9999999999932538, -1.9846411873023192e-06]
      translation: [-1.8824914959212865e-18, -2.654680149021797e-17, 0.3405]
    name: iiwa7::iiwa_link_2
  - X_WF:
      rotation:
      - [-0.9899924965996756, -0.14112000806504965, 2.491311103759889e-07]
      - [0.1411200080650496, -0.9899924965934732, 3.5132345321227224e-06]
      - [-2.491497557390727e-07, 3.5132332098897024e-06, 0.9999999999937976]
      translation: [4.584012430729948e-08, 6.464351538840338e-07, 0.5244999999988587]
    name: iiwa7::iiwa_link_3
  - X_WF:
      rotation:
      - [-0.4161468365439367, 7.674938441929651e-07, 0.9092974268268251]
      - [0.9092974268061358, 7.14968002292978e-06, 0.41614683652843343]
      - [-6.181795512251795e-06, 0.9999999999741467, -3.673196901306732e-06]
      translation: [9.952787867860992e-08, 1.4035371954927709e-06, 0.7399999999975221]
    name: iiwa7::iiwa_link_4
  - X_WF:
      rotation:
      - [0.9899928710680135, 0.14111738102691013, -2.5725421045556034e-06]
      - [-0.1411173810108317, 0.9899928710576898, 5.621087339174854e-06]
      - [3.3400314680054032e-06, -5.201805989086615e-06, 0.999999999980893]
      translation: [-3.738198685596212e-07, 2.437817265900944e-06, 0.9239999999940064]
    name: iiwa7::iiwa_link_5
  - X_WF:
      rotation:
      - [0.6536416126085405, -3.090895188693162e-06, 0.7568042298091059]
      - [0.7568042298152404, 1.9846404729194114e-06, -0.6536416126057331]
      - [5.183534111625182e-07, 0.9999999999932541, 3.636446151970711e-06]
      translation: [-9.282026920913535e-07, 3.6491615874931246e-06, 1.1394999999898887]
    name: iiwa7::iiwa_link_6
  - X_WF:
      rotation:
      - [0.2836621854559673, 0.958924274647315, -5.870792347893983e-06]
      - [-0.9589242746473152, 0.2836621854828174, 4.385600180134508e-06]
      - [5.870780259436683e-06, 4.38561636232525e-06, 0.9999999999731505]
      translation: [-1.400801476096819e-06, 4.002202401993953e-06, 1.2199999999877273]
    name: iiwa7::iiwa_link_7
  note: Ones
  q:
    names: [iiwa_joint_1, iiwa_joint_2, iiwa_joint_3, iiwa_joint_4, iiwa_joint_5,
      iiwa_joint_6, iiwa_joint_7]
    values: [1.0, 1.0, 1.0, 1.0, 1.0, 1.0, 1.0]
- frames:
  - X_WF:
      rotation:
      - [1.0, 0.0, 0.0]
      - [0.0, 1.0, 0.0]
      - [0.0, 0.0, 1.0]
      translation: [0.0, 0.0, 0.0]
    name: WorldBody
  - X_WF:
      rotation:
      - [1.0, 0.0, 0.0]
      - [0.0, 1.0, 0.0]
      - [0.0, 0.0, 1.0]
      translation: [0.0, 0.0, 0.0]
    name: iiwa7::iiwa_link_0
  - X_WF:
      rotation:
      - [0.9950041652780258, -0.09983341664682815, 0.0]
      - [0.09983341664682815, 0.9950041652780258, 0.0]
      - [0.0, 0.0, 1.0]
      translation: [0.0, 0.0, 0.1575]
    name: iiwa7::iiwa_link_1
  - X_WF:
      rotation:
      - [-0.9553357049329724, -3.667183139917811e-07, -0.29552274173079585]
      - [-0.29552274173012233, 3.6548534046147806e-06, 0.9553357049262597]
      - [7.297531997686735e-07, 0.9999999999932538, -3.599985555413968e-06]
      translation: [-5.431396575608521e-18, -1.1010135976434473e-18, 0.3405]
    name: iiwa7::iiwa_link_2
  - X_WF:
      rotation:
      - [0.8253356149101924, -0.5646424733938267, 7.187973291117602e-07]
      - [0.5646424733938802, 0.8253356149104558, 1.4570941777940192e-07]
      - [-6.755227617461981e-07, 2.856043296776204e-07, 0.9999999999997312]
      translation: [1.3225870855113244e-07, 2.6810532870308996e-08, 0.5244999999999505]
    name: iiwa7::iiwa_link_3
  - X_WF:
      rotation:
      - [0.980066577838733, 2.7928449439825856e-06, 0.19866933078780744]
      - [0.19866933079565421, -2.8859175749417043e-06, -0.9800665778368727]
      - [-2.1638306733555846e-06, 0.999999999991936, -3.3832439974396193e-06]
      translation: [2.8715953293408563e-07, 5.821091238459153e-08, 0.7399999999998925]
    name: iiwa7::iiwa_link_4
  - X_WF:
      rotation:
      - [-0.7648404777893164, 0.6442197168131027, 2.063091744221716e-06]
      - [-0.6442197168131828, -0.7648404777916983, 7.140679804756848e-07]
      - [2.037952747639578e-06, -7.829362836897522e-07, 0.9999999999976172]
      translation: [6.667684138708814e-07, 1.8959942079211754e-07, 0.9239999999994541]
    name: iiwa7::iiwa_link_5
  - X_WF:
      rotation:
      - [-0.2674962717310331, -3.0325940724815307e-07, -0.963558895247149]
      - [-0.963558895241498, 3.5234839267194932e-06, 0.2674962717283554]
      - [3.3139635192748362e-06, 0.999999999993747, -1.234727113490803e-06]
      translation: [1.111364684750661e-06, 3.4348107058462756e-07, 1.1394999999989406]
    name: iiwa7::iiwa_link_6
  - X_WF:
      rotation:
      - [-0.416146836547838, -0.9092974268196055, 3.2360900442176673e-06]
      - [0.9092974268248534, -0.41614683654119694, 2.5409152562383576e-06]
      - [-9.63759069948372e-07, 3.999962195943468e-06, 0.9999999999915362]
      translation: [1.3718699333101833e-06, 5.480247487118152e-07, 1.2199999999982591]
    name: iiwa7::iiwa_link_7
  note: Incrementing
  q:
    names: [iiwa_joint_1, iiwa_joint_2, iiwa_joint_3, iiwa_joint_4, iiwa_joint_5,
      iiwa_joint_6, iiwa_joint_7]
    values: [0.1, 0.2, 0.30000000000000004, 0.4, 0.5, 0.6, 0.7000000000000001]
- frames:
  - X_WF:
      rotation:
      - [1.0, 0.0, 0.0]
      - [0.0, 1.0, 0.0]
      - [0.0, 0.0, 1.0]
      translation: [0.0, 0.0, 0.0]
    name: WorldBody
  - X_WF:
      rotation:
      - [1.0, 0.0, 0.0]
      - [0.0, 1.0, 0.0]
      - [0.0, 0.0, 1.0]
      translation: [0.0, 0.0, 0.0]
    name: iiwa7::iiwa_link_0
  - X_WF:
      rotation:
      - [6.123233995736766e-17, -1.0, 0.0]
      - [1.0, 6.123233995736766e-17, 0.0]
      - [0.0, 0.0, 1.0]
      translation: [0.0, 0.0, 0.1575]
    name: iiwa7::iiwa_link_1
  - X_WF:
      rotation:
      - [0.9999999999897331, -3.673205103305044e-06, 2.653589793230265e-06]
      - [2.6535897932123635e-06, -9.74717957128285e-12, -0.9999999999964794]
      - [3.673205103416066e-06, 0.9999999999932538, -4.366771804376569e-22]
      translation: [2.775564926725611e-17, -2.7755501963619037e-17, 0.3405]
    name: iiwa7::iiwa_link_2
  - X_WF:
      rotation:
      - [-1.3492619428232298e-11, 0.9999999999932541, -3.673214850459835e-06]
      - [-0.9999999999932541, -1.83697305820461e-16, 3.673195356223563e-06]
      - [3.673195356100692e-06, 3.6732148505827054e-06, 0.9999999999865077]
      translation: [-6.758715324568536e-07, 6.758679455173797e-07, 0.5244999999975173]
    name: iiwa7::iiwa_link_3
  - X_WF:
      rotation:
      - [-0.9999999999730155, -7.346419953826342e-06, 1.3492558195892342e-11]
      - [-1.3492277463358724e-11, 3.6731953561987837e-06, 0.9999999999932541]
      - [-7.346419953924432e-06, 0.9999999999662691, -3.6731953561006922e-06]
      translation: [-1.4674493326199258e-06, 1.46744154489458e-06, 0.7399999999946097]
    name: iiwa7::iiwa_link_4
  - X_WF:
      rotation:
      - [-2.6536032855689616e-06, -0.9999999999694946, -7.346419953826343e-06]
      - [0.9999999999964795, -2.6536032855689616e-06, -9.747217283320405e-12]
      - [-9.747168753638523e-12, -7.346419953924432e-06, 0.9999999999730154]
      translation: [-2.819190604123973e-06, 1.4674397514065998e-06, 0.9239999999896445]
    name: iiwa7::iiwa_link_5
  - X_WF:
      rotation:
      - [-0.9999999999897334, -3.673214850570859e-06, -2.653603285507729e-06]
      - [-2.6536032855256312e-06, 1.1847930638439294e-17, 0.9999999999964797]
      - [-3.6732148505579268e-06, 0.9999999999932541, -9.74716875362536e-12]
      translation: [-4.402344104173549e-06, 1.4674376508812752e-06, 1.1394999999838293]
    name: iiwa7::iiwa_link_6
  - X_WF:
      rotation:
      - [-2.6984565300100104e-11, -0.9999999999932544, -3.673205103316948e-06]
      - [0.9999999999932544, -1.3492129569597143e-11, -3.6732051033912875e-06]
      - [3.6732051033169477e-06, -3.6732051033912884e-06, 0.9999999999865079]
      translation: [-4.698037114990563e-06, 1.1717446400582766e-06, 1.219999999982743]
    name: iiwa7::iiwa_link_7
  note: Pi/2
  q:
    names: [iiwa_joint_1, iiwa_joint_2, iiwa_joint_3, iiwa_joint_4, iiwa_joint_5,
      iiwa_joint_6, iiwa_joint_7]
    values: [1.5707963267948966, 1.5707963267948966, 1.5707963267948966, 1.5707963267948966,
      1.5707963267948966, 1.5707963267948966, 1.5707963267948966]
expression: {expr: make_plant('drake/manipulation/models/iiwa_description/iiwa7/iiwa7_no_collision.sdf'),
  module: __main__}
type_name: tuple
