# GENERATED FILE - DO NOT EDIT BY HAND
configurations:
- frames:
  - X_WF:
      rotation:
      - [1.0, 0.0, 0.0]
      - [0.0, 1.0, 0.0]
      - [0.0, 0.0, 1.0]
      translation: [0.0, 0.0, 0.0]
    name: WorldBody
  - X_WF:
      rotation:
      - [1.0, 0.0, 0.0]
      - [0.0, 1.0, 0.0]
      - [0.0, 0.0, 1.0]
      translation: [0.0, 0.0, 0.0]
    name: allegro_hand_left::hand_root
  - X_WF:
      rotation:
      - [1.0, 0.0, 0.0]
      - [0.0, 0.9961946512540808, -0.08715627810295878]
      - [0.0, 0.08715627810295878, 0.9961946512540808]
      translation: [0.0, -0.0435, 0.09345799999999997]
    name: allegro_hand_left::link_0
  - X_WF:
      rotation:
      - [1.0, 0.0, 0.0]
      - [0.0, 0.9961946512540808, -0.08715627810295878]
      - [0.0, 0.08715627810295878, 0.9961946512540808]
      translation: [0.0, -0.044929000000000004, 0.10979599999999998]
    name: allegro_hand_left::link_1
  - X_WF:
      rotation:
      - [1.0, 0.0, 0.0]
      - [0.0, 0.9961946512540808, 0.08715627810295878]
      - [0.0, -0.08715627810295878, 0.9961946512540808]
      translation: [0.0, 0.049636, 0.16358999999999999]
    name: allegro_hand_left::link_10
  - X_WF:
      rotation:
      - [1.0, 0.0, 0.0]
      - [0.0, 0.9961946512540808, 0.08715627810295878]
      - [0.0, -0.08715627810295878, 0.9961946512540808]
      translation: [0.0, 0.052982999999999995, 0.20184399999999997]
    name: allegro_hand_left::link_11
  - X_WF:
      rotation:
      - [-3.201404221164772e-07, -0.9999999999994431, -1.0056376991141036e-06]
      - [-0.08715560745902784, 1.0297129889313972e-06, -0.9961947099274255]
      - [0.9961947099279063, -2.312752304112209e-07, -0.08715560745930895]
      translation: [-0.01819999999999999, -0.019333000000000003, 0.04901299999999999]
    name: allegro_hand_left::link_12
  - X_WF:
      rotation:
      - [-3.201404221164772e-07, -0.9999999999994431, -1.0056376991141036e-06]
      - [-0.08715560745902784, 1.0297129889313972e-06, -0.9961947099274255]
      - [0.9961947099279063, -2.312752304112209e-07, -0.08715560745930895]
      translation: [-0.013199999999999998, -0.056728, 0.018637999999999995]
    name: allegro_hand_left::link_13
  - X_WF:
      rotation:
      - [-3.201404221164772e-07, -0.9999999999994431, -1.0056376991141036e-06]
      - [-0.08715560745902784, 1.0297129889313972e-06, -0.9961947099274255]
      - [0.9961947099279063, -2.312752304112209e-07, -0.08715560745930895]
      translation: [-0.013200000000000002, -0.074361, 0.017096]
    name: allegro_hand_left::link_14
  - X_WF:
      rotation:
      - [-3.201404221164772e-07, -0.9999999999994431, -1.0056376991141036e-06]
      - [-0.08715560745902784, 1.0297129889313972e-06, -0.9961947099274255]
      - [0.9961947099279063, -2.312752304112209e-07, -0.08715560745930895]
      translation: [-0.013199999999999988, -0.125565, 0.012615999999999985]
    name: allegro_hand_left::link_15
  - X_WF:
      rotation:
      - [1.0, 0.0, 0.0]
      - [0.0, 0.9961946512540808, -0.08715627810295878]
      - [0.0, 0.08715627810295878, 0.9961946512540808]
      translation: [0.0, -0.049636, 0.16358999999999999]
    name: allegro_hand_left::link_2
  - X_WF:
      rotation:
      - [1.0, 0.0, 0.0]
      - [0.0, 0.9961946512540808, -0.08715627810295878]
      - [0.0, 0.08715627810295878, 0.9961946512540808]
      translation: [0.0, -0.052982999999999995, 0.20184399999999997]
    name: allegro_hand_left::link_3
  - X_WF:
      rotation:
      - [1.0, 0.0, 0.0]
      - [0.0, 1.0, 0.0]
      - [0.0, 0.0, 1.0]
      translation: [0.0, 0.0, 0.0957]
    name: allegro_hand_left::link_4
  - X_WF:
      rotation:
      - [1.0, 0.0, 0.0]
      - [0.0, 1.0, 0.0]
      - [0.0, 0.0, 1.0]
      translation: [0.0, 0.0, 0.1121]
    name: allegro_hand_left::link_5
  - X_WF:
      rotation:
      - [1.0, 0.0, 0.0]
      - [0.0, 1.0, 0.0]
      - [0.0, 0.0, 1.0]
      translation: [0.0, 0.0, 0.1661]
    name: allegro_hand_left::link_6
  - X_WF:
      rotation:
      - [1.0, 0.0, 0.0]
      - [0.0, 1.0, 0.0]
      - [0.0, 0.0, 1.0]
      translation: [0.0, 0.0, 0.2045]
    name: allegro_hand_left::link_7
  - X_WF:
      rotation:
      - [1.0, 0.0, 0.0]
      - [0.0, 0.9961946512540808, 0.08715627810295878]
      - [0.0, -0.08715627810295878, 0.9961946512540808]
      translation: [0.0, 0.0435, 0.09345799999999997]
    name: allegro_hand_left::link_8
  - X_WF:
      rotation:
      - [1.0, 0.0, 0.0]
      - [0.0, 0.9961946512540808, 0.08715627810295878]
      - [0.0, -0.08715627810295878, 0.9961946512540808]
      translation: [0.0, 0.044929000000000004, 0.10979599999999998]
    name: allegro_hand_left::link_9
  note: Zeros
  q:
    names: [joint_8, joint_12, joint_4, joint_0, joint_9, joint_13, joint_5, joint_1,
      joint_10, joint_14, joint_6, joint_2, joint_11, joint_15, joint_7, joint_3]
    values: [0.0, 0.0, 0.0, 0.0, 0.0, 0.0, 0.0, 0.0, 0.0, 0.0, 0.0, 0.0, 0.0, 0.0,
      0.0, 0.0]
- frames:
  - X_WF:
      rotation:
      - [1.0, 0.0, 0.0]
      - [0.0, 1.0, 0.0]
      - [0.0, 0.0, 1.0]
      translation: [0.0, 0.0, 0.0]
    name: WorldBody
  - X_WF:
      rotation:
      - [1.0, 0.0, 0.0]
      - [0.0, 1.0, 0.0]
      - [0.0, 0.0, 1.0]
      translation: [0.0, 0.0, 0.0]
    name: allegro_hand_left::hand_root
  - X_WF:
      rotation:
      - [0.5403023058681398, 0.8414709848078568, -2.5870182022961977e-07]
      - [-0.8382689167985785, 0.5382462548483817, -0.08715613731131432]
      - [-0.07333922145011458, 0.04709087882155795, 0.9961946635717862]
      translation: [7.18041793328405e-24, -0.0435, 0.09345799999999997]
    name: allegro_hand_left::link_0
  - X_WF:
      rotation:
      - [0.2919265817264289, 0.8414711245850468, 0.4546484547109992]
      - [-0.37957940723374517, 0.5382460503043927, -0.7524697089822286]
      - [-0.8778942672586496, 0.0470907190569234, 0.47653344026741773]
      translation: [3.299179467927755e-07, -0.04492917954914359, 0.10979598429144377]
    name: allegro_hand_left::link_1
  - X_WF:
      rotation:
      - [-0.22484509536615288, 0.8414708337639807, 0.49129575513567897]
      - [0.269592256981386, 0.5382465271361093, -0.7985052855188874]
      - [-0.936357142369015, -0.04709046560046929, -0.3478761129828592]
      translation: [0.024551013030771753, 0.009382242778254418, 0.14219347077760214]
    name: allegro_hand_left::link_10
  - X_WF:
      rotation:
      - [-0.5348952287053773, 0.8414709613663377, 0.07624772446069336]
      - [0.8175804863164524, 0.5382463445397668, -0.20458010896500234]
      - [-0.21318827993765427, -0.04709027252830933, -0.9758756393774946]
      translation: [0.04341699746868589, -0.021280372995857846, 0.12883496973603523]
    name: allegro_hand_left::link_11
  - X_WF:
      rotation:
      - [-4.807538421845895e-07, -0.5403031520826853, 0.841470441459047]
      - [-0.08715604332461406, -0.8382683476152409, -0.5382471565167918]
      - [0.9961946717945077, -0.07333949301657536, -0.04709028193061515]
      translation: [-0.018199999999999994, -0.019332999999999993, 0.04901299999999999]
    name: allegro_hand_left::link_12
  - X_WF:
      rotation:
      - [0.45464831217405416, -0.29192757349271087, 0.841470857529803]
      - [0.658288426796404, -0.5262575195979601, -0.5382465700889497]
      - [0.5999593814444438, 0.7986434216227294, -0.047089549961108576]
      translation: [0.018076256524570775, -0.034264485718074195, 0.020603308047877685]
    name: allegro_hand_left::link_13
  - X_WF:
      rotation:
      - [-0.4624260697413273, -0.29192727562727083, 0.8372219513178264]
      - [0.8085931035511806, -0.5262583735956126, 0.2631146463235578]
      - [0.36378472056019523, 0.7986429677680386, 0.47940597318097783]
      translation: [0.0329708546931881, -0.04379115023058121, 0.01977020441593235]
    name: allegro_hand_left::link_14
  - X_WF:
      rotation:
      - [-0.9543481416480085, -0.2919263397924471, 0.06323477420199852]
      - [0.21548085502271808, -0.5262587463247795, 0.8225689837547671]
      - [-0.20685169965864764, 0.7986430642358676, 0.565138593883193]
      translation: [0.076003861840722, -0.030267323840282356, 0.04441135762769076]
    name: allegro_hand_left::link_15
  - X_WF:
      rotation:
      - [-0.22484509536615288, 0.8414711358517329, 0.49129523773203854]
      - [0.42809365882167016, 0.5382460584526148, -0.7259662525468384]
      - [-0.875317372366424, 0.04709042459586813, -0.4812504436828291]
      translation: [0.024550629441298464, -0.08556252222747544, 0.13552854228902683]
    name: allegro_hand_left::link_2
  - X_WF:
      rotation:
      - [-0.5348952287053773, 0.8414710082493759, 0.07624720705705293]
      - [0.8421793892114995, 0.5382462718016103, -0.03201292362488983]
      - [-0.06797772205339037, 0.04709026616452838, -0.9965749024217829]
      translation: [0.04341627890486829, -0.11343983037394804, 0.11704844797583891]
    name: allegro_hand_left::link_3
  - X_WF:
      rotation:
      - [0.5403023058681398, 0.8414709848078965, 0.0]
      - [-0.8414709848078965, 0.5403023058681398, 0.0]
      - [0.0, 0.0, 1.0]
      translation: [0.0, 0.0, 0.0957]
    name: allegro_hand_left::link_4
  - X_WF:
      rotation:
      - [0.2919265817264289, 0.8414709848078965, 0.4546487134128409]
      - [-0.4546487134128409, 0.5403023058681398, -0.7080734182735712]
      - [-0.8414709848078965, 0.0, 0.5403023058681398]
      translation: [0.0, 0.0, 0.1121]
    name: allegro_hand_left::link_5
  - X_WF:
      rotation:
      - [-0.22484509536615288, 0.8414709848078965, 0.491295496433882]
      - [0.3501754883740146, 0.5403023058681398, -0.7651474012342927]
      - [-0.9092974268256818, 0.0, -0.4161468365471423]
      translation: [0.024551030524293405, -0.038235964586772836, 0.14127632451687955]
    name: allegro_hand_left::link_6
  - X_WF:
      rotation:
      - [-0.5348952287053772, 0.8414709848078965, 0.07624746575887678]
      - [0.833049961066805, 0.5403023058681398, -0.1187483921582349]
      - [-0.1411200080598674, 0.0, -0.9899924966004455]
      translation: [0.04341677758735447, -0.06761762479416966, 0.1252962859934693]
    name: allegro_hand_left::link_7
  - X_WF:
      rotation:
      - [0.5403023058681398, 0.8414709848078568, 2.5870182022961977e-07]
      - [-0.8382689167985785, 0.5382462548483817, 0.08715613731131432]
      - [0.07333922145011458, -0.04709087882155795, 0.9961946635717862]
      translation: [-7.18041793328405e-24, 0.0435, 0.09345799999999997]
    name: allegro_hand_left::link_8
  - X_WF:
      rotation:
      - [0.2919265817264289, 0.8414708450306667, 0.45464897211463967]
      - [-0.5262578501339744, 0.5382464840277819, -0.6582882329224017]
      - [-0.7986435663385074, -0.04709075700290356, 0.5999590940647566]
      translation: [-3.299179468053945e-07, 0.044929179549143605, 0.10979598429144377]
    name: allegro_hand_left::link_9
  note: Ones
  q:
    names: [joint_8, joint_12, joint_4, joint_0, joint_9, joint_13, joint_5, joint_1,
      joint_10, joint_14, joint_6, joint_2, joint_11, joint_15, joint_7, joint_3]
    values: [1.0, 1.0, 1.0, 1.0, 1.0, 1.0, 1.0, 1.0, 1.0, 1.0, 1.0, 1.0, 1.0, 1.0,
      1.0, 1.0]
- frames:
  - X_WF:
      rotation:
      - [1.0, 0.0, 0.0]
      - [0.0, 1.0, 0.0]
      - [0.0, 0.0, 1.0]
      translation: [0.0, 0.0, 0.0]
    name: WorldBody
  - X_WF:
      rotation:
      - [1.0, 0.0, 0.0]
      - [0.0, 1.0, 0.0]
      - [0.0, 0.0, 1.0]
      translation: [0.0, 0.0, 0.0]
    name: allegro_hand_left::hand_root
  - X_WF:
      rotation:
      - [0.9210609940028851, 0.38941834230863215, -1.1972276620928076e-07]
      - [-0.38793648014268073, 0.9175560335892523, -0.08715625392630398]
      - [-0.03394013407346501, 0.08027627231975791, 0.9961946533692696]
      translation: [3.3229742904339544e-24, -0.0435, 0.09345799999999997]
    name: allegro_hand_left::link_0
  - X_WF:
      rotation:
      - [0.6417093742397794, 0.3894185454430528, 0.660728594415141]
      - [-0.2077560812633353, 0.917555956159026, -0.3390110293415217]
      - [-0.7382726391455213, 0.08027617194480997, 0.6697083294293076]
      translation: [1.5268036836943088e-07, -0.04492903083206878, 0.10979599730253635]
    name: allegro_hand_left::link_1
  - X_WF:
      rotation:
      - [0.16911801514614516, 0.09983311519375239, 0.9805266167033608]
      - [-0.10279165927579247, 0.9912178796636559, -0.08319248655026168]
      - [-0.9802208790555105, -0.08672060969456483, 0.1778948119475251]
      translation: [0.025759445187608507, 0.04648512748673531, 0.1572299299362438]
    name: allegro_hand_left::link_10
  - X_WF:
      rotation:
      - [-0.899555547018803, 0.09983328590958393, 0.4252447916814476]
      - [0.05266444656678192, 0.991217891379249, -0.12129941416795924]
      - [-0.43361996482578724, -0.08672027925560905, -0.8969132172458562]
      translation: [0.06341182544304928, 0.043290709759792094, 0.16406109978375055]
    name: allegro_hand_left::link_11
  - X_WF:
      rotation:
      - [-3.864253571745563e-07, -0.9800667776300412, 0.19866834520304916]
      - [-0.08715567808230278, -0.19791232028608596, -0.9763373398866765]
      - [0.996194703749154, -0.017315451621166048, -0.0854183080919446]
      translation: [-0.01819999999999999, -0.019333, 0.04901299999999999]
    name: allegro_hand_left::link_12
  - X_WF:
      rotation:
      - [0.5533868849811744, -0.8088842286257408, 0.1986687197607433]
      - [0.03981763364262998, -0.21255591435147927, -0.9763373081703413]
      - [0.8319720617796813, 0.5482027799589737, -0.08541779945256926]
      translation: [-0.005372748369394786, -0.054946115100282855, 0.01879389514133251]
    name: allegro_hand_left::link_13
  - X_WF:
      rotation:
      - [0.1318214431934208, -0.8088844701072682, 0.5730000184412629]
      - [0.8430728643321328, -0.2125566565505048, -0.4940119565181433]
      - [0.5213935677980855, 0.5482021358726676, 0.6539290219002583]
      translation: [-0.0018558612381367953, -0.07222754277251792, 0.017282533002300315]
    name: allegro_hand_left::link_14
  - X_WF:
      rotation:
      - [-0.5422584159346511, -0.8088839066522151, 0.22729416162122051]
      - [0.6301183680419472, -0.2125578362226844, 0.7468400153422979]
      - [-0.5557937140740223, 0.5482025098623511, 0.6249538827596983]
      translation: [0.027596127465423254, -0.09761975365490058, 0.05089407869585594]
    name: allegro_hand_left::link_15
  - X_WF:
      rotation:
      - [-0.3832966189212673, 0.3894185997952673, 0.8375182720735224]
      - [0.2406892399127521, 0.9175559630858904, -0.3164802432945002]
      - [-0.891713177941061, 0.08027582910825554, -0.44542496511447993]
      translation: [0.03567895765115178, -0.06323602401227849, 0.14595989036670406]
    name: allegro_hand_left::link_2
  - X_WF:
      rotation:
      - [-0.8259691983291826, 0.38941821699968865, -0.4075884390905013]
      - [0.30931700427970765, 0.9175561371914969, 0.2498273923444875]
      - [0.471272611420264, 0.08027569601693048, -0.8783267833523705]
      translation: [0.06783970552445916, -0.07538908217346957, 0.1288554933133068]
    name: allegro_hand_left::link_3
  - X_WF:
      rotation:
      - [0.955336489125606, 0.2955202066613396, 0.0]
      - [-0.2955202066613396, 0.955336489125606, 0.0]
      - [0.0, 0.0, 1.0]
      translation: [0.0, 0.0, 0.0957]
    name: allegro_hand_left::link_4
  - X_WF:
      rotation:
      - [0.7306816499355123, 0.2955202066613396, 0.6154446635582735]
      - [-0.22602632124962302, 0.955336489125606, -0.19037934406737272]
      - [-0.6442176872376911, 0.0, 0.7648421872844884]
      translation: [0.0, 0.0, 0.1121]
    name: allegro_hand_left::link_5
  - X_WF:
      rotation:
      - [-0.21705445146607738, 0.2955202066613396, 0.9303521766264641]
      - [0.0671428099775904, 0.955336489125606, -0.2877916531337802]
      - [-0.9738476308781951, 0.0, -0.22720209469308728]
      translation: [0.03323401183214677, -0.010280484579638125, 0.15340147811336236]
    name: allegro_hand_left::link_6
  - X_WF:
      rotation:
      - [-0.9433754564672961, 0.2955202066613396, -0.15070021761749292]
      - [0.2918202256773598, 0.955336489125606, 0.04661704013314936]
      - [0.15774569414324882, 0.0, -0.9874797699088649]
      translation: [0.06895953541460298, -0.021331684059975282, 0.1446769176771478]
    name: allegro_hand_left::link_7
  - X_WF:
      rotation:
      - [0.9950041652780258, 0.09983341664682345, 3.069278331940662e-08]
      - [-0.0994535183550544, 0.9912178272916361, 0.08715627657288413]
      - [0.008701078449252525, -0.08672086127264864, 0.9961946513879454]
      translation: [-8.518958682759042e-25, 0.0435, 0.09345799999999997]
    name: allegro_hand_left::link_8
  - X_WF:
      rotation:
      - [0.8731983044562818, 0.09983326998860582, 0.47703043854460375]
      - [-0.1290634721655978, 0.9912178452307487, 0.02880630918169423]
      - [-0.4699652553617499, -0.08672082506234322, 0.878414570264674]
      translation: [-3.914197452114061e-08, 0.04492900195127768, 0.10979599982928485]
    name: allegro_hand_left::link_9
  note: Incrementing
  q:
    names: [joint_8, joint_12, joint_4, joint_0, joint_9, joint_13, joint_5, joint_1,
      joint_10, joint_14, joint_6, joint_2, joint_11, joint_15, joint_7, joint_3]
    values: [0.1, 0.2, 0.30000000000000004, 0.4, 0.5, 0.6, 0.7000000000000001, 0.8,
      0.9, 1.0, 1.1, 1.2000000000000002, 1.3000000000000003, 1.4000000000000001, 1.5000000000000002,
      1.6]
- frames:
  - X_WF:
      rotation:
      - [1.0, 0.0, 0.0]
      - [0.0, 1.0, 0.0]
      - [0.0, 0.0, 1.0]
      translation: [0.0, 0.0, 0.0]
    name: WorldBody
  - X_WF:
      rotation:
      - [1.0, 0.0, 0.0]
      - [0.0, 1.0, 0.0]
      - [0.0, 0.0, 1.0]
      translation: [0.0, 0.0, 0.0]
    name: allegro_hand_left::hand_root
  - X_WF:
      rotation:
      - [6.123233995736766e-17, 0.9999999999999528, -3.074399770167715e-07]
      - [-0.996194678049358, -2.6795229916179975e-08, -0.08715597183288987]
      - [-0.08715597183289399, 3.062700689290614e-07, 0.9961946780493109]
      translation: [8.533173529356216e-24, -0.0435, 0.09345799999999997]
    name: allegro_hand_left::link_0
  - X_WF:
      rotation:
      - [0.0, 0.9999999999999529, -3.0743997695553916e-07]
      - [0.08715597183289393, -3.0627006886272543e-07, -0.996194678049311]
      - [-0.9961946780493581, -2.6795229971842527e-08, -0.08715597183288983]
      translation: [3.920728732843992e-07, -0.044929390580909764, 0.1097959658285077]
    name: allegro_hand_left::link_1
  - X_WF:
      rotation:
      - [-6.123227645480939e-17, 0.999999999999953, 3.0743997701677154e-07]
      - [0.9961946780493582, 2.6795230038178696e-08, -0.08715597183289]
      - [-0.08715597183289413, 3.0627006891838794e-07, -0.9961946780493112]
      translation: [2.2792792634445177e-07, -0.00886466345586246, 0.11450234818701073]
    name: allegro_hand_left::link_10
  - X_WF:
      rotation:
      - [0.0, 0.9999999999999531, 3.0743997695553927e-07]
      - [0.0871559718328942, -3.0627006886272543e-07, 0.9961946780493113]
      - [0.9961946780493584, 2.679522997184257e-08, -0.08715597183289008]
      translation: [4.269688620148719e-07, -0.012211465172341663, 0.07624833083940451]
    name: allegro_hand_left::link_11
  - X_WF:
      rotation:
      - [-3.6576571200845194e-07, -1.0056375820789309e-06, 0.9999999999994275]
      - [-0.08715629075506841, -0.9961946501466213, -1.0336895620060643e-06]
      - [0.9961946501470905, -0.08715629075539659, 2.767262040268365e-07]
      translation: [-0.018199999999999997, -0.01933299999999999, 0.04901299999999999]
    name: allegro_hand_left::link_12
  - X_WF:
      rotation:
      - [-3.6576571211496893e-07, -1.0056375817054518e-06, 0.9999999999994277]
      - [0.9961946501470906, -0.08715629075539666, 2.767262041426427e-07]
      - [0.08715629075506848, 0.9961946501466215, 1.0336895616501178e-06]
      translation: [0.021700062630079894, -0.011998796563831555, 0.0225513085938824]
    name: allegro_hand_left::link_13
  - X_WF:
      rotation:
      - [-0.9999999999998821, 3.2014079031184096e-07, -3.657653901082926e-07]
      - [-3.9227600539745875e-07, -0.08715697364365269, 0.9961945904014566]
      - [2.870435189952319e-07, 0.9961945904014824, 0.08715697364376798]
      translation: [0.03940035789669054, -0.011998110128140931, 0.02255136864938263]
    name: allegro_hand_left::link_14
  - X_WF:
      rotation:
      - [3.6576571199250443e-07, 1.0056375823299455e-06, -0.9999999999994277]
      - [-0.9961947059513899, -0.0871556529102942, -4.520208659768143e-07]
      - [-0.08715565291069889, 0.9961947059509849, 9.699322861670987e-07]
      translation: [0.039400575672620154, 0.03920590885233184, 0.02703115170216052]
    name: allegro_hand_left::link_15
  - X_WF:
      rotation:
      - [-6.12323823339278e-17, 0.999999999999953, -3.0743997701677154e-07]
      - [0.9961946780493582, 2.6795230038178538e-08, 0.08715597183288977]
      - [0.0871559718328939, -3.0627006891838794e-07, -0.9961946780493112]
      translation: [-2.2792792633783866e-07, -0.09872344461768201, 0.10508958347000467]
    name: allegro_hand_left::link_2
  - X_WF:
      rotation:
      - [0.0, 0.9999999999999531, -3.0743997707800393e-07]
      - [-0.08715597183289384, 3.06270068984724e-07, 0.9961946780493113]
      - [0.9961946780493584, 2.679522998251607e-08, 0.08715597183288974]
      translation: [-4.269688620082588e-07, -0.09537664290120287, 0.06683556612239845]
    name: allegro_hand_left::link_3
  - X_WF:
      rotation:
      - [6.123233995736766e-17, 1.0, 0.0]
      - [-1.0, 6.123233995736766e-17, 0.0]
      - [0.0, 0.0, 1.0]
      translation: [0.0, 0.0, 0.0957]
    name: allegro_hand_left::link_4
  - X_WF:
      rotation:
      - [3.749399456654644e-33, 1.0, 6.123233995736766e-17]
      - [-6.123233995736766e-17, 6.123233995736766e-17, -1.0]
      - [-1.0, 0.0, 6.123233995736766e-17]
      translation: [0.0, 0.0, 0.1121]
    name: allegro_hand_left::link_5
  - X_WF:
      rotation:
      - [-6.123233995736766e-17, 1.0, 7.498798913309288e-33]
      - [1.0, 6.123233995736766e-17, -1.2246467991473532e-16]
      - [-1.2246467991473532e-16, 0.0, -1.0]
      translation: [3.3065463576978533e-18, -0.05399999999999999, 0.1121]
    name: allegro_hand_left::link_6
  - X_WF:
      rotation:
      - [-1.1248198369963932e-32, 1.0, -6.123233995736766e-17]
      - [1.8369701987210297e-16, 6.123233995736766e-17, 1.0]
      - [1.0, 0.0, -1.8369701987210297e-16]
      translation: [3.3065463576978537e-18, -0.054, 0.07370000000000002]
    name: allegro_hand_left::link_7
  - X_WF:
      rotation:
      - [6.123233995736766e-17, 0.9999999999999528, 3.074399770167715e-07]
      - [-0.996194678049358, -2.6795229916179975e-08, 0.08715597183288987]
      - [0.08715597183289399, -3.062700689290614e-07, 0.9961946780493109]
      translation: [-8.533173529356216e-24, 0.0435, 0.09345799999999997]
    name: allegro_hand_left::link_8
  - X_WF:
      rotation:
      - [0.0, 0.9999999999999529, 3.074399770780038e-07]
      - [-0.08715597183289406, 3.06270068984724e-07, -0.996194678049311]
      - [-0.9961946780493581, -2.6795229982516095e-08, 0.08715597183288994]
      translation: [-3.920728732843992e-07, 0.04492939058090979, 0.1097959658285077]
    name: allegro_hand_left::link_9
  note: Pi/2
  q:
    names: [joint_8, joint_12, joint_4, joint_0, joint_9, joint_13, joint_5, joint_1,
      joint_10, joint_14, joint_6, joint_2, joint_11, joint_15, joint_7, joint_3]
    values: [1.5707963267948966, 1.5707963267948966, 1.5707963267948966, 1.5707963267948966,
      1.5707963267948966, 1.5707963267948966, 1.5707963267948966, 1.5707963267948966,
      1.5707963267948966, 1.5707963267948966, 1.5707963267948966, 1.5707963267948966,
      1.5707963267948966, 1.5707963267948966, 1.5707963267948966, 1.5707963267948966]
expression: {expr: 'make_plant(try_find_file(''manipulation/models/allegro_hand_description/sdf/allegro_hand_description_left.sdf''),
    find_resource=False)', module: __main__}
type_name: tuple
