# GENERATED FILE - DO NOT EDIT BY HAND
configurations:
- frames:
  - X_WF:
      rotation:
      - [1.0, 0.0, 0.0]
      - [0.0, 1.0, 0.0]
      - [0.0, 0.0, 1.0]
      translation: [0.0, 0.0, 0.0]
    name: WorldBody
  - X_WF:
      rotation:
      - [1.0, 0.0, 0.0]
      - [0.0, 1.0, 0.0]
      - [0.0, 0.0, 1.0]
      translation: [0.0, 0.0, 0.0]
    name: iiwa14::iiwa_link_0
  - X_WF:
      rotation:
      - [1.0, 0.0, 0.0]
      - [0.0, 1.0, 0.0]
      - [0.0, 0.0, 1.0]
      translation: [0.0, 0.0, 0.1575]
    name: iiwa14::iiwa_link_1
  - X_WF:
      rotation:
      - [-0.9999999999964794, -9.747179571296011e-12, -2.6535897933348283e-06]
      - [-2.65358979335273e-06, 3.673205103305044e-06, 0.9999999999897331]
      - [0.0, 0.9999999999932538, -3.673205103416066e-06]
      translation: [0.0, 0.0, 0.36]
    name: iiwa14::iiwa_link_2
  - X_WF:
      rotation:
      - [1.0000000000000002, 0.0, 2.0020355763197498e-23]
      - [0.0, 1.0000000000000002, -9.8089803423837e-17]
      - [2.0020355763197498e-23, -9.8089803423837e-17, 1.0000000000000002]
      translation: [4.094705590850876e-24, -2.005943425687634e-17, 0.5645]
    name: iiwa14::iiwa_link_3
  - X_WF:
      rotation:
      - [1.0000000000000002, 2.0020355763062437e-23, -7.35388729615823e-29]
      - [0.0, -3.673205103514157e-06, -0.9999999999932541]
      - [2.0020355763197498e-23, 0.9999999999932541, -3.6732051033179773e-06]
      translation: [8.409092257819938e-24, -4.1197786894713215e-17, 0.78]
    name: iiwa14::iiwa_link_4
  - X_WF:
      rotation:
      - [-0.9999999999964795, 2.6535897933527304e-06, 2.0020355763197498e-23]
      - [-2.653589793352731e-06, -0.9999999999964796, -9.8089803423837e-17]
      - [2.4026850296544885e-22, 9.808980342389012e-17, 1.0000000000000004]
      translation: [1.2102847896129877e-23, -5.92954928457486e-17, 0.9645000000000001]
    name: iiwa14::iiwa_link_5
  - X_WF:
      rotation:
      - [-0.9999999999964797, -9.747179571275994e-12, -2.6535897933348288e-06]
      - [-2.653589793352731e-06, 3.6732051032069554e-06, 0.9999999999897335]
      - [2.4026850296544885e-22, 0.9999999999932543, -3.6732051035141577e-06]
      translation: [1.6417234563098936e-23, -8.043384548358546e-17, 1.1800000000000002]
    name: iiwa14::iiwa_link_6
  - X_WF:
      rotation:
      - [1.0000000000000007, 4.235164736271502e-22, 4.0039095939261103e-23]
      - [0.0, 1.0000000000000007, -1.9618003036414762e-16]
      - [4.004232711430429e-23, -1.9617960684831157e-16, 1.0000000000000007]
      translation: [1.9659515992429712e-23, -9.632407769495773e-17, 1.2610000000000001]
    name: iiwa14::iiwa_link_7
  note: Zeros
  q:
    names: [iiwa_joint_1, iiwa_joint_2, iiwa_joint_3, iiwa_joint_4, iiwa_joint_5,
      iiwa_joint_6, iiwa_joint_7]
    values: [0.0, 0.0, 0.0, 0.0, 0.0, 0.0, 0.0]
- frames:
  - X_WF:
      rotation:
      - [1.0, 0.0, 0.0]
      - [0.0, 1.0, 0.0]
      - [0.0, 0.0, 1.0]
      translation: [0.0, 0.0, 0.0]
    name: WorldBody
  - X_WF:
      rotation:
      - [1.0, 0.0, 0.0]
      - [0.0, 1.0, 0.0]
      - [0.0, 0.0, 1.0]
      translation: [0.0, 0.0, 0.0]
    name: iiwa14::iiwa_link_0
  - X_WF:
      rotation:
      - [0.5403023058681398, -0.8414709848078965, 0.0]
      - [0.8414709848078965, 0.5403023058681398, 0.0]
      - [0.0, 0.0, 1.0]
      translation: [0.0, 0.0, 0.1575]
    name: iiwa14::iiwa_link_1
  - X_WF:
      rotation:
      - [-0.2919243488065844, 0.45464562251141266, -0.8414734294706293]
      - [-0.45465014715192437, 0.7080754029055503, 0.5402984985125137]
      - [0.841470984804934, 0.5403023058726968, 2.482776293262295e-07]
      translation: [0.0, 0.0, 0.36]
    name: iiwa14::iiwa_link_2
  - X_WF:
      rotation:
      - [-0.5503448130225779, -0.700296461629782, 0.4546487134128411]
      - [0.700296461629782, -0.09064711889071747, 0.7080734182735714]
      - [-0.4546487134128411, 0.7080734182735713, 0.5403023058681399]
      translation: [0.09297566189292603, 0.1448010140369454, 0.4704918215500346]
    name: iiwa14::iiwa_link_3
  - X_WF:
      rotation:
      - [0.08522112911847746, 0.7087495123427228, 0.7002938582521807]
      - [0.9741950296008263, -0.20670511964109728, 0.09064787816162938]
      - [0.20900096519589995, 0.6744976814401316, -0.708075895846674]
      translation: [0.1909524596333933, 0.29739083567490004, 0.5869269684646188]
    name: iiwa14::iiwa_link_4
  - X_WF:
      rotation:
      - [0.5432351749871766, 0.45008145893390566, 0.7087469400149674]
      - [-0.450080595191177, 0.8687348926424554, -0.20670545260795148]
      - [-0.7087474885239513, -0.20670357188357785, 0.6745002823435755]
      translation: [0.3217162700661548, 0.259253679668733, 0.7113722705570085]
    name: iiwa14::iiwa_link_5
  - X_WF:
      rotation:
      - [0.8899017522993572, -0.07417967995233882, -0.450080266548872]
      - [-0.4171151644548323, 0.26704507776908404, -0.8687357860829282]
      - [0.18463426235764835, 0.9608248027197643, 0.20670241324709926]
      translation: [0.4744512356393802, 0.21470865463171945, 0.8567270814020489]
    name: iiwa14::iiwa_link_6
  - X_WF:
      rotation:
      - [-0.8595470249545674, 0.5056446699456708, -0.07417802671470634]
      - [-0.5056446699456709, -0.8203710684074894, 0.2670482688120055]
      - [0.07417802671470633, 0.26704826881200533, 0.9608240434529232]
      translation: [0.468442815475489, 0.2363395644054919, 0.9345538289217357]
    name: iiwa14::iiwa_link_7
  note: Ones
  q:
    names: [iiwa_joint_1, iiwa_joint_2, iiwa_joint_3, iiwa_joint_4, iiwa_joint_5,
      iiwa_joint_6, iiwa_joint_7]
    values: [1.0, 1.0, 1.0, 1.0, 1.0, 1.0, 1.0]
- frames:
  - X_WF:
      rotation:
      - [1.0, 0.0, 0.0]
      - [0.0, 1.0, 0.0]
      - [0.0, 0.0, 1.0]
      translation: [0.0, 0.0, 0.0]
    name: WorldBody
  - X_WF:
      rotation:
      - [1.0, 0.0, 0.0]
      - [0.0, 1.0, 0.0]
      - [0.0, 0.0, 1.0]
      translation: [0.0, 0.0, 0.0]
    name: iiwa14::iiwa_link_0
  - X_WF:
      rotation:
      - [0.9950041652780258, -0.09983341664682815, 0.0]
      - [0.09983341664682815, 0.9950041652780258, 0.0]
      - [0.0, 0.0, 1.0]
      translation: [0.0, 0.0, 0.1575]
    name: iiwa14::iiwa_link_1
  - X_WF:
      rotation:
      - [-0.9751700622814472, 0.19767644493462969, -0.09983673045530357]
      - [-0.09784603533980855, 0.019837492929500086, 0.9950038327778207]
      - [0.19866933079436178, 0.9800665778365664, -3.072798646969488e-06]
      translation: [0.0, 0.0, 0.36]
    name: iiwa14::iiwa_link_2
  - X_WF:
      rotation:
      - [0.9021130047692731, -0.38355704238148147, 0.19767681165408396]
      - [0.3875172020222175, 0.9216490856090722, 0.01983383807620978]
      - [-0.18979606097868748, 0.058710801693826455, 0.9800665778412416]
      translation: [0.04042490798326017, 0.004056019886584901, 0.560423615168534]
    name: iiwa14::iiwa_link_3
  - X_WF:
      rotation:
      - [0.9078800771829089, -0.16922554137406723, 0.3835576639841913]
      - [0.3646506396330563, -0.13264151721944234, -0.9216485983957919]
      - [0.20684215351218627, 0.9766109481550873, -0.058714388986541376]
      translation: [0.08302426089471526, 0.008330211992008108, 0.7716279626933216]
    name: iiwa14::iiwa_link_4
  - X_WF:
      rotation:
      - [-0.6128506341819929, 0.7718654931325817, -0.16922695025889442]
      - [-0.7618748341704806, -0.6339983147032324, -0.13263813181421236]
      - [-0.20966839828746794, 0.04764239146661669, 0.9766111638184922]
      translation: [0.05180188857194924, -0.01614152332771407, 0.9518127224178334]
    name: iiwa14::iiwa_link_5
  - X_WF:
      rotation:
      - [-0.6013598210199719, 0.2063707901410971, -0.7718662206881239]
      - [-0.7036958514094259, 0.3207172955664522, 0.6339972910302577]
      - [0.3783893687354225, 0.9244195548024073, -0.04764422658547605]
      translation: [0.015333480791157511, -0.04472504073367682, 1.1622724282207184]
    name: iiwa14::iiwa_link_6
  - X_WF:
      rotation:
      - [-0.037301427767969464, -0.9777620008167378, 0.20637362536264586]
      - [0.9466492178504187, 0.031577973936124826, 0.3207149667622036]
      - [-0.32009976855609096, 0.20732655720129065, 0.9244197298031873]
      translation: [0.03204974444553182, -0.01874712842593835, 1.2371504263347766]
    name: iiwa14::iiwa_link_7
  note: Incrementing
  q:
    names: [iiwa_joint_1, iiwa_joint_2, iiwa_joint_3, iiwa_joint_4, iiwa_joint_5,
      iiwa_joint_6, iiwa_joint_7]
    values: [0.1, 0.2, 0.30000000000000004, 0.4, 0.5, 0.6, 0.7000000000000001]
expression: {expr: make_plant(iiwa14_no_collision), module: __main__}
type_name: tuple
