function c=MITgray

c=[102,102,102]/255;
