# GENERATED FILE - DO NOT EDIT BY HAND
configurations:
- frames:
  - X_WF:
      rotation:
      - [1.0, 0.0, 0.0]
      - [0.0, 1.0, 0.0]
      - [0.0, 0.0, 1.0]
      translation: [0.0, 0.0, 0.0]
    name: WorldBody
  - X_WF:
      rotation:
      - [1.0, 0.0, 0.0]
      - [0.0, 1.0, 0.0]
      - [0.0, 0.0, 1.0]
      translation: [0.0, 0.0, 0.0]
    name: iiwa14
  - X_WF:
      rotation:
      - [1.0, 0.0, 0.0]
      - [0.0, 1.0, 0.0]
      - [0.0, 0.0, 1.0]
      translation: [0.0, 0.0, 0.0]
    name: iiwa14::iiwa_link_0
  - X_WF:
      rotation:
      - [1.0, 0.0, 0.0]
      - [0.0, 1.0, 0.0]
      - [0.0, 0.0, 1.0]
      translation: [0.0, 0.0, 0.1575]
    name: iiwa14::iiwa_link_1
  - X_WF:
      rotation:
      - [-1.0, 6.162975822039155e-32, 1.2246467991473532e-16]
      - [1.224646799147353e-16, 4.440892098500626e-16, 1.0]
      - [0.0, 1.0, -4.440892098500626e-16]
      translation: [0.0, 0.0, 0.36]
    name: iiwa14::iiwa_link_2
  - X_WF:
      rotation:
      - [1.0, 1.2246467991473525e-16, -1.2246467991473535e-16]
      - [-1.2246467991473525e-16, 1.0, 0.0]
      - [1.2246467991473532e-16, 0.0, 1.0]
      translation: [2.4294057654953079e-32, 3.5305092183079985e-17, 0.5645]
    name: iiwa14::iiwa_link_3
  - X_WF:
      rotation:
      - [1.0, -1.2246467991473542e-16, -1.224646799147352e-16]
      - [-1.2246467991473525e-16, -4.440892098500626e-16, -1.0]
      - [1.2246467991473532e-16, 1.0, -4.440892098500626e-16]
      translation: [-2.6391138521625474e-17, 7.549516567451071e-18, 0.78]
    name: iiwa14::iiwa_link_4
  - X_WF:
      rotation:
      - [-1.0, -2.449293598294704e-16, -1.2246467991473552e-16]
      - [2.449293598294705e-16, -1.0, -8.881784197001252e-16]
      - [-1.2246467991473525e-16, -8.881784197001252e-16, 1.0]
      translation: [-4.8985871965894155e-17, -1.8873791418627604e-17, 0.9644999999999999]
    name: iiwa14::iiwa_link_5
  - X_WF:
      rotation:
      - [-1.0, -1.2246467991473542e-16, 2.449293598294705e-16]
      - [2.4492935982947054e-16, -4.440892098500626e-16, 1.0]
      - [-1.2246467991473527e-16, 1.0, 4.440892098500626e-16]
      translation: [-7.537701048751961e-17, -1.2989609388114336e-16, 1.1800000000000002]
    name: iiwa14::iiwa_link_6
  - X_WF:
      rotation:
      - [1.0, 3.6739403974420584e-16, -1.2246467991473522e-16]
      - [-3.6739403974420584e-16, 1.0, 0.0]
      - [1.224646799147352e-16, 1.4997597826618565e-32, 1.0]
      translation: [-8.529664956061323e-17, -1.658673198789984e-16, 1.2610000000000001]
    name: iiwa14::iiwa_link_7
  note: Zeros
  q:
    names: ['iiwa14::iiwa_joint_1', 'iiwa14::iiwa_joint_2', 'iiwa14::iiwa_joint_3',
      'iiwa14::iiwa_joint_4', 'iiwa14::iiwa_joint_5', 'iiwa14::iiwa_joint_6', 'iiwa14::iiwa_joint_7']
    values: [0.0, 0.0, 0.0, 0.0, 0.0, 0.0, 0.0]
- frames:
  - X_WF:
      rotation:
      - [1.0, 0.0, 0.0]
      - [0.0, 1.0, 0.0]
      - [0.0, 0.0, 1.0]
      translation: [0.0, 0.0, 0.0]
    name: WorldBody
  - X_WF:
      rotation:
      - [1.0, 0.0, 0.0]
      - [0.0, 1.0, 0.0]
      - [0.0, 0.0, 1.0]
      translation: [0.0, 0.0, 0.0]
    name: iiwa14
  - X_WF:
      rotation:
      - [1.0, 0.0, 0.0]
      - [0.0, 1.0, 0.0]
      - [0.0, 0.0, 1.0]
      translation: [0.0, 0.0, 0.0]
    name: iiwa14::iiwa_link_0
  - X_WF:
      rotation:
      - [0.5403023058681398, -0.8414709848078965, 0.0]
      - [0.8414709848078965, 0.5403023058681398, 0.0]
      - [0.0, 0.0, 1.0]
      translation: [0.0, 0.0, 0.1575]
    name: iiwa14::iiwa_link_1
  - X_WF:
      rotation:
      - [-0.29192658172642927, 0.4546487134128408, -0.8414709848078964]
      - [-0.4546487134128407, 0.7080734182735713, 0.5403023058681399]
      - [0.8414709848078965, 0.5403023058681398, -4.440892098500626e-16]
      translation: [0.0, 0.0, 0.36]
    name: iiwa14::iiwa_link_2
  - X_WF:
      rotation:
      - [-0.5503448130225772, -0.7002964616297821, 0.45464871341284113]
      - [0.7002964616297822, -0.09064711889071714, 0.708073418273571]
      - [-0.454648713412841, 0.7080734182735711, 0.5403023058681399]
      translation: [0.092975661892926, 0.1448010140369453, 0.47049182155003455]
    name: iiwa14::iiwa_link_3
  - X_WF:
      rotation:
      - [0.08522112911847812, 0.708746940014967, 0.7002964616297819]
      - [0.974195029600826, -0.20670545260795198, 0.09064711889071682]
      - [0.20900096519589964, 0.6745002823435753, -0.7080734182735713]
      translation: [0.1909524596333933, 0.2973908356748999, 0.5869269684646187]
    name: iiwa14::iiwa_link_4
  - X_WF:
      rotation:
      - [0.5432339806536973, 0.45008290045563704, 0.7087469400149673]
      - [-0.45008290045563704, 0.8687336983101226, -0.20670545260795195]
      - [-0.7087469400149673, -0.2067054526079521, 0.674500282343575]
      translation: [0.3217162700661546, 0.25925367966873275, 0.7113722705570082]
    name: iiwa14::iiwa_link_5
  - X_WF:
      rotation:
      - [0.8899005579670987, -0.07417802671470558, -0.45008290045563737]
      - [-0.41711746971917674, 0.2670482688120052, -0.8687336983101225]
      - [0.18463481086977734, 0.9608240434529227, 0.20670545260795178]
      translation: [0.47445123563937996, 0.21470865463171912, 0.8567270814020489]
    name: iiwa14::iiwa_link_6
  - X_WF:
      rotation:
      - [-0.8595470249545673, 0.5056446699456697, -0.07417802671470577]
      - [-0.5056446699456696, -0.8203710684074897, 0.26704826881200483]
      - [0.0741780267147062, 0.26704826881200483, 0.9608240434529228]
      translation: [0.4684428154754888, 0.23633956440549153, 0.9345538289217356]
    name: iiwa14::iiwa_link_7
  note: Ones
  q:
    names: ['iiwa14::iiwa_joint_1', 'iiwa14::iiwa_joint_2', 'iiwa14::iiwa_joint_3',
      'iiwa14::iiwa_joint_4', 'iiwa14::iiwa_joint_5', 'iiwa14::iiwa_joint_6', 'iiwa14::iiwa_joint_7']
    values: [1.0, 1.0, 1.0, 1.0, 1.0, 1.0, 1.0]
- frames:
  - X_WF:
      rotation:
      - [1.0, 0.0, 0.0]
      - [0.0, 1.0, 0.0]
      - [0.0, 0.0, 1.0]
      translation: [0.0, 0.0, 0.0]
    name: WorldBody
  - X_WF:
      rotation:
      - [1.0, 0.0, 0.0]
      - [0.0, 1.0, 0.0]
      - [0.0, 0.0, 1.0]
      translation: [0.0, 0.0, 0.0]
    name: iiwa14
  - X_WF:
      rotation:
      - [1.0, 0.0, 0.0]
      - [0.0, 1.0, 0.0]
      - [0.0, 0.0, 1.0]
      translation: [0.0, 0.0, 0.0]
    name: iiwa14::iiwa_link_0
  - X_WF:
      rotation:
      - [0.9950041652780258, -0.09983341664682815, 0.0]
      - [0.09983341664682815, 0.9950041652780258, 0.0]
      - [0.0, 0.0, 1.0]
      translation: [0.0, 0.0, 0.1575]
    name: iiwa14::iiwa_link_1
  - X_WF:
      rotation:
      - [-0.975170327201816, 0.19767681165408385, -0.09983341664682803]
      - [-0.0978433950072555, 0.019833838076210284, 0.9950041652780258]
      - [0.19866933079506122, 0.9800665778412416, -4.440892098500626e-16]
      translation: [0.0, 0.0, 0.36]
    name: iiwa14::iiwa_link_2
  - X_WF:
      rotation:
      - [0.902113004769273, -0.38355704238148125, 0.1976768116540838]
      - [0.38751720202221723, 0.9216490856090721, 0.019833838076209833]
      - [-0.18979606097868731, 0.05871080169382649, 0.9800665778412416]
      translation: [0.04042490798326016, 0.004056019886584948, 0.5604236151685339]
    name: iiwa14::iiwa_link_3
  - X_WF:
      rotation:
      - [0.9078800771829088, -0.16922695025889437, 0.38355704238148114]
      - [0.36465063963305594, -0.13263813181421255, -0.9216490856090721]
      - [0.20684215351218635, 0.976611163818492, -0.058710801693826926]
      translation: [0.08302426089471523, 0.008330211992008143, 0.7716279626933215]
    name: iiwa14::iiwa_link_4
  - X_WF:
      rotation:
      - [-0.6128526823942299, 0.7718638668756759, -0.1692269502588942]
      - [-0.7618731517963409, -0.6340003364042841, -0.13263813181421297]
      - [-0.209668524710094, 0.0476418350925265, 0.976611163818492]
      translation: [0.05180188857194922, -0.016141523327714007, 0.9518127224178331]
    name: iiwa14::iiwa_link_5
  - X_WF:
      rotation:
      - [-0.6013618692321683, 0.20637362536264572, -0.7718638668756758]
      - [-0.7036941690350814, 0.32071496676220296, 0.6340003364042842]
      - [0.37838924231486687, 0.9244197298031873, -0.04764183509252694]
      translation: [0.015333480791157518, -0.044725040733676766, 1.1622724282207182]
    name: iiwa14::iiwa_link_6
  - X_WF:
      rotation:
      - [-0.0373014277679688, -0.9777620008167374, 0.2063736253626454]
      - [0.9466492178504182, 0.031577973936125214, 0.32071496676220324]
      - [-0.32009976855609057, 0.20732655720129028, 0.9244197298031873]
      translation: [0.03204974444553181, -0.01874712842593834, 1.2371504263347763]
    name: iiwa14::iiwa_link_7
  note: Incrementing
  q:
    names: ['iiwa14::iiwa_joint_1', 'iiwa14::iiwa_joint_2', 'iiwa14::iiwa_joint_3',
      'iiwa14::iiwa_joint_4', 'iiwa14::iiwa_joint_5', 'iiwa14::iiwa_joint_6', 'iiwa14::iiwa_joint_7']
    values: [0.1, 0.2, 0.30000000000000004, 0.4, 0.5, 0.6, 0.7000000000000001]
- frames:
  - X_WF:
      rotation:
      - [1.0, 0.0, 0.0]
      - [0.0, 1.0, 0.0]
      - [0.0, 0.0, 1.0]
      translation: [0.0, 0.0, 0.0]
    name: WorldBody
  - X_WF:
      rotation:
      - [1.0, 0.0, 0.0]
      - [0.0, 1.0, 0.0]
      - [0.0, 0.0, 1.0]
      translation: [0.0, 0.0, 0.0]
    name: iiwa14
  - X_WF:
      rotation:
      - [1.0, 0.0, 0.0]
      - [0.0, 1.0, 0.0]
      - [0.0, 0.0, 1.0]
      translation: [0.0, 0.0, 0.0]
    name: iiwa14::iiwa_link_0
  - X_WF:
      rotation:
      - [6.123233995736766e-17, -1.0, 0.0]
      - [1.0, 6.123233995736766e-17, 0.0]
      - [0.0, 0.0, 1.0]
      translation: [0.0, 0.0, 0.1575]
    name: iiwa14::iiwa_link_1
  - X_WF:
      rotation:
      - [-4.440892098500626e-16, 1.8369701987210292e-16, -1.0]
      - [-6.123233995736757e-17, 1.0, 1.8369701987210297e-16]
      - [1.0, 6.123233995736766e-17, -4.440892098500626e-16]
      translation: [0.0, 0.0, 0.36]
    name: iiwa14::iiwa_link_2
  - X_WF:
      rotation:
      - [-1.0, -5.053215498074303e-16, 6.277862297221655e-16]
      - [6.277862297221655e-16, -1.8369701987210287e-16, 1.0]
      - [-5.053215498074302e-16, 1.0, 1.8369701987210322e-16]
      translation: [9.307719179510286e-17, 0.20450000000000002, 0.36]
    name: iiwa14::iiwa_link_3
  - X_WF:
      rotation:
      - [5.665538897647982e-16, 1.0, 5.0532154980743e-16]
      - [1.0, -5.665538897647979e-16, -2.6039218997795975e-16]
      - [-2.6039218997795945e-16, 5.053215498074302e-16, -1.0]
      translation: [2.283651243002296e-16, 0.42000000000000004, 0.36]
    name: iiwa14::iiwa_link_4
  - X_WF:
      rotation:
      - [6.123233995736728e-17, 5.665538897647983e-16, 1.0]
      - [-4.440892098500624e-16, 1.0, -5.665538897647981e-16]
      - [-1.0, -4.4408920985006237e-16, 6.123233995736757e-17]
      translation: [0.1845000000000001, 0.41999999999999993, 0.36000000000000015]
    name: iiwa14::iiwa_link_5
  - X_WF:
      rotation:
      - [1.0, 3.944304526105059e-31, -1.0106430996148608e-15]
      - [-1.0106430996148608e-15, 4.440892098500624e-16, -1.0]
      - [9.860761315262648e-32, 1.0, 4.4408920985006237e-16]
      translation: [0.4, 0.4199999999999997, 0.3600000000000004]
    name: iiwa14::iiwa_link_6
  - X_WF:
      rotation:
      - [-1.1943401194869637e-15, 1.0, -1.5299285609050222e-31]
      - [-1.0, -1.1943401194869637e-15, -1.9721522630525295e-31]
      - [-2.465190328815662e-31, 1.7764475937865866e-31, 1.0]
      translation: [0.4, 0.41999999999999976, 0.44100000000000034]
    name: iiwa14::iiwa_link_7
  note: Pi/2
  q:
    names: ['iiwa14::iiwa_joint_1', 'iiwa14::iiwa_joint_2', 'iiwa14::iiwa_joint_3',
      'iiwa14::iiwa_joint_4', 'iiwa14::iiwa_joint_5', 'iiwa14::iiwa_joint_6', 'iiwa14::iiwa_joint_7']
    values: [1.5707963267948966, 1.5707963267948966, 1.5707963267948966, 1.5707963267948966,
      1.5707963267948966, 1.5707963267948966, 1.5707963267948966]
expression: {expr: 'make_plant(try_find_file(''manipulation/models/iiwa_description/sdf/iiwa14_no_collision.sdf''),
    find_resource=False)', module: __main__}
type_name: tuple
