# GENERATED FILE - DO NOT EDIT BY HAND
configurations:
- frames:
  - X_WF:
      rotation:
      - [1.0, 0.0, 0.0]
      - [0.0, 1.0, 0.0]
      - [0.0, 0.0, 1.0]
      translation: [0.0, 0.0, 0.0]
    name: WorldBody
  - X_WF:
      rotation:
      - [1.0, 0.0, 0.0]
      - [0.0, 1.0, 0.0]
      - [0.0, 0.0, 1.0]
      translation: [0.0, 0.0, 0.0]
    name: iiwa14::iiwa_link_0
  - X_WF:
      rotation:
      - [1.0, 0.0, 0.0]
      - [0.0, 1.0, 0.0]
      - [0.0, 0.0, 1.0]
      translation: [0.0, 0.0, 0.1575]
    name: iiwa14::iiwa_link_1
  - X_WF:
      rotation:
      - [-0.9999999999964794, -9.747179571296011e-12, -2.6535897933348283e-06]
      - [-2.65358979335273e-06, 3.673205103305044e-06, 0.9999999999897331]
      - [0.0, 0.9999999999932538, -3.673205103416066e-06]
      translation: [0.0, 0.0, 0.36]
    name: iiwa14::iiwa_link_2
  - X_WF:
      rotation:
      - [1.0000000000000002, 0.0, 2.0020355763197498e-23]
      - [0.0, 1.0000000000000002, -9.8089803423837e-17]
      - [2.0020355763197498e-23, -9.8089803423837e-17, 1.0000000000000002]
      translation: [4.094705590850876e-24, -2.005943425687634e-17, 0.5645]
    name: iiwa14::iiwa_link_3
  - X_WF:
      rotation:
      - [1.0000000000000002, 2.0020355763062437e-23, -7.35388729615823e-29]
      - [0.0, -3.673205103514157e-06, -0.9999999999932541]
      - [2.0020355763197498e-23, 0.9999999999932541, -3.6732051033179773e-06]
      translation: [8.409092257819938e-24, -4.1197786894713215e-17, 0.78]
    name: iiwa14::iiwa_link_4
  - X_WF:
      rotation:
      - [-0.9999999999964795, 2.6535897933527304e-06, 2.0020355763197498e-23]
      - [-2.653589793352731e-06, -0.9999999999964796, -9.8089803423837e-17]
      - [2.4026850296544885e-22, 9.808980342389012e-17, 1.0000000000000004]
      translation: [1.2102847896129877e-23, -5.92954928457486e-17, 0.9645000000000001]
    name: iiwa14::iiwa_link_5
  - X_WF:
      rotation:
      - [-0.9999999999964797, -9.747179571275994e-12, -2.6535897933348288e-06]
      - [-2.653589793352731e-06, 3.6732051032069554e-06, 0.9999999999897335]
      - [2.4026850296544885e-22, 0.9999999999932543, -3.6732051035141577e-06]
      translation: [1.6417234563098936e-23, -8.043384548358546e-17, 1.1800000000000002]
    name: iiwa14::iiwa_link_6
  - X_WF:
      rotation:
      - [1.0000000000000007, 4.235164736271502e-22, 4.0039095939261103e-23]
      - [0.0, 1.0000000000000007, -1.9618003036414762e-16]
      - [4.004232711430429e-23, -1.9617960684831157e-16, 1.0000000000000007]
      translation: [1.9659515992429712e-23, -9.632407769495773e-17, 1.2610000000000001]
    name: iiwa14::iiwa_link_7
  note: Zeros
  q:
    names: [iiwa_joint_1, iiwa_joint_2, iiwa_joint_3, iiwa_joint_4, iiwa_joint_5,
      iiwa_joint_6, iiwa_joint_7]
    values: [0.0, 0.0, 0.0, 0.0, 0.0, 0.0, 0.0]
- frames:
  - X_WF:
      rotation:
      - [1.0, 0.0, 0.0]
      - [0.0, 1.0, 0.0]
      - [0.0, 0.0, 1.0]
      translation: [0.0, 0.0, 0.0]
    name: WorldBody
  - X_WF:
      rotation:
      - [1.0, 0.0, 0.0]
      - [0.0, 1.0, 0.0]
      - [0.0, 0.0, 1.0]
      translation: [0.0, 0.0, 0.0]
    name: iiwa14::iiwa_link_0
  - X_WF:
      rotation:
      - [0.5403023058681398, -0.8414709848078965, 0.0]
      - [0.8414709848078965, 0.5403023058681398, 0.0]
      - [0.0, 0.0, 1.0]
      translation: [0.0, 0.0, 0.1575]
    name: iiwa14::iiwa_link_1
  - X_WF:
      rotation:
      - [0.4161492494432713, -3.0909007821030848e-06, -0.9092963225364152]
      - [-0.9092963225364152, 1.9846329852735405e-06, -0.41614924945001763]
      - [3.0908955157729085e-06, 0.9999999999932538, -1.9846411873023192e-06]
      translation: [-1.8824914959212865e-18, -2.654680149021797e-17, 0.36]
    name: iiwa14::iiwa_link_2
  - X_WF:
      rotation:
      - [-0.9899924965996756, -0.14112000806504965, 2.491311103759889e-07]
      - [0.1411200080650496, -0.9899924965934732, 3.5132345321227224e-06]
      - [-2.491497557390727e-07, 3.5132332098897024e-06, 0.9999999999937976]
      translation: [5.094731207000732e-08, 7.184564617925501e-07, 0.5644999999987317]
    name: iiwa14::iiwa_link_3
  - X_WF:
      rotation:
      - [-0.4161468365439367, 7.674938441929651e-07, 0.9092974268268251]
      - [0.9092974268061358, 7.14968002292978e-06, 0.41614683652843343]
      - [-6.181795512251795e-06, 0.9999999999741467, -3.673196901306732e-06]
      translation: [1.0463506635603292e-07, 1.4755585034649968e-06, 0.7799999999973951]
    name: iiwa14::iiwa_link_4
  - X_WF:
      rotation:
      - [0.9899928710680135, 0.14111738102691013, -2.5725421045556034e-06]
      - [-0.1411173810108317, 0.9899928710576898, 5.621087339174854e-06]
      - [3.3400314680054032e-06, -5.201805989086615e-06, 0.999999999980893]
      translation: [-3.6999895193447593e-07, 2.512649117542757e-06, 0.9644999999938698]
    name: iiwa14::iiwa_link_5
  - X_WF:
      rotation:
      - [0.6536416126085405, -3.090895188693162e-06, 0.7568042298091059]
      - [0.7568042298152404, 1.9846404729194114e-06, -0.6536416126057331]
      - [5.183534111625182e-07, 0.9999999999932541, 3.636446151970711e-06]
      translation: [-9.243817753665189e-07, 3.7239934391722804e-06, 1.1799999999897521]
    name: iiwa14::iiwa_link_6
  - X_WF:
      rotation:
      - [0.2836621854559673, 0.958924274647315, -5.870792347893983e-06]
      - [-0.9589242746473152, 0.2836621854828174, 4.385600180134508e-06]
      - [5.870780259436683e-06, 4.38561636232525e-06, 0.9999999999731505]
      translation: [-1.399915955545931e-06, 4.0792270537631755e-06, 1.2609999999875772]
    name: iiwa14::iiwa_link_7
  note: Ones
  q:
    names: [iiwa_joint_1, iiwa_joint_2, iiwa_joint_3, iiwa_joint_4, iiwa_joint_5,
      iiwa_joint_6, iiwa_joint_7]
    values: [1.0, 1.0, 1.0, 1.0, 1.0, 1.0, 1.0]
- frames:
  - X_WF:
      rotation:
      - [1.0, 0.0, 0.0]
      - [0.0, 1.0, 0.0]
      - [0.0, 0.0, 1.0]
      translation: [0.0, 0.0, 0.0]
    name: WorldBody
  - X_WF:
      rotation:
      - [1.0, 0.0, 0.0]
      - [0.0, 1.0, 0.0]
      - [0.0, 0.0, 1.0]
      translation: [0.0, 0.0, 0.0]
    name: iiwa14::iiwa_link_0
  - X_WF:
      rotation:
      - [0.9950041652780258, -0.09983341664682815, 0.0]
      - [0.09983341664682815, 0.9950041652780258, 0.0]
      - [0.0, 0.0, 1.0]
      translation: [0.0, 0.0, 0.1575]
    name: iiwa14::iiwa_link_1
  - X_WF:
      rotation:
      - [-0.9553357049329724, -3.667183139917811e-07, -0.29552274173079585]
      - [-0.29552274173012233, 3.6548534046147806e-06, 0.9553357049262597]
      - [7.297531997686735e-07, 0.9999999999932538, -3.599985555413968e-06]
      translation: [-5.43139657560852e-18, -1.1010135976434473e-18, 0.36]
    name: iiwa14::iiwa_link_2
  - X_WF:
      rotation:
      - [0.8253356149101924, -0.5646424733938267, 7.187973291117602e-07]
      - [0.5646424733938802, 0.8253356149104558, 1.4570941777940192e-07]
      - [-6.755227617461981e-07, 2.856043296776204e-07, 0.9999999999997312]
      translation: [1.4699405379792362e-07, 2.979757593478665e-08, 0.564499999999945]
    name: iiwa14::iiwa_link_3
  - X_WF:
      rotation:
      - [0.980066577838733, 2.7928449439825856e-06, 0.19866933078780744]
      - [0.19866933079565421, -2.8859175749417043e-06, -0.9800665778368727]
      - [-2.1638306733555846e-06, 0.999999999991936, -3.3832439974396193e-06]
      translation: [3.01894878221508e-07, 6.119795546624776e-08, 0.7799999999998871]
    name: iiwa14::iiwa_link_4
  - X_WF:
      rotation:
      - [-0.7648404777893164, 0.6442197168131027, 2.063091744221716e-06]
      - [-0.6442197168131828, -0.7648404777916983, 7.140679804756848e-07]
      - [2.037952747639578e-06, -7.829362836897522e-07, 0.9999999999976172]
      translation: [6.825353050304145e-07, 1.9294349786401144e-07, 0.9644999999994475]
    name: iiwa14::iiwa_link_5
  - X_WF:
      rotation:
      - [-0.2674962717310331, -3.0325940724815307e-07, -0.963558895247149]
      - [-0.963558895241498, 3.5234839267194932e-06, 0.2674962717283554]
      - [3.3139635192748362e-06, 0.999999999993747, -1.234727113490803e-06]
      translation: [1.1271315758747403e-06, 3.4682514760130516e-07, 1.179999999998934]
    name: iiwa14::iiwa_link_6
  - X_WF:
      rotation:
      - [-0.416146836547838, -0.9092974268196055, 3.2360900442176673e-06]
      - [0.9092974268248534, -0.41614683654119694, 2.5409152562383576e-06]
      - [-9.63759069948372e-07, 3.999962195943468e-06, 0.9999999999915362]
      translation: [1.3892548694563708e-06, 5.526392833566121e-07, 1.2609999999982482]
    name: iiwa14::iiwa_link_7
  note: Incrementing
  q:
    names: [iiwa_joint_1, iiwa_joint_2, iiwa_joint_3, iiwa_joint_4, iiwa_joint_5,
      iiwa_joint_6, iiwa_joint_7]
    values: [0.1, 0.2, 0.30000000000000004, 0.4, 0.5, 0.6, 0.7000000000000001]
- frames:
  - X_WF:
      rotation:
      - [1.0, 0.0, 0.0]
      - [0.0, 1.0, 0.0]
      - [0.0, 0.0, 1.0]
      translation: [0.0, 0.0, 0.0]
    name: WorldBody
  - X_WF:
      rotation:
      - [1.0, 0.0, 0.0]
      - [0.0, 1.0, 0.0]
      - [0.0, 0.0, 1.0]
      translation: [0.0, 0.0, 0.0]
    name: iiwa14::iiwa_link_0
  - X_WF:
      rotation:
      - [6.123233995736766e-17, -1.0, 0.0]
      - [1.0, 6.123233995736766e-17, 0.0]
      - [0.0, 0.0, 1.0]
      translation: [0.0, 0.0, 0.1575]
    name: iiwa14::iiwa_link_1
  - X_WF:
      rotation:
      - [0.9999999999897331, -3.673205103305044e-06, 2.653589793230265e-06]
      - [2.6535897932123635e-06, -9.74717957128285e-12, -0.9999999999964794]
      - [3.673205103416066e-06, 0.9999999999932538, -4.366771804376569e-22]
      translation: [2.775564926725611e-17, -2.7755501963619037e-17, 0.36]
    name: iiwa14::iiwa_link_2
  - X_WF:
      rotation:
      - [-1.3492619428232298e-11, 0.9999999999932541, -3.673214850459835e-06]
      - [-0.9999999999932541, -1.83697305820461e-16, 3.673195356223563e-06]
      - [3.673195356100692e-06, 3.6732148505827054e-06, 0.9999999999865077]
      translation: [-7.511724368912806e-07, 7.511684503199634e-07, 0.5644999999972409]
    name: iiwa14::iiwa_link_3
  - X_WF:
      rotation:
      - [-0.9999999999730155, -7.346419953826342e-06, 1.3492558195892342e-11]
      - [-1.3492277463358724e-11, 3.6731953561987837e-06, 0.9999999999932541]
      - [-7.346419953924432e-06, 0.9999999999662691, -3.6731953561006922e-06]
      translation: [-1.5427502371653752e-06, 1.5427420495861413e-06, 0.7799999999943333]
    name: iiwa14::iiwa_link_4
  - X_WF:
      rotation:
      - [-2.6536032855689616e-06, -0.9999999999694946, -7.346419953826343e-06]
      - [0.9999999999964795, -2.6536032855689616e-06, -9.747217283320405e-12]
      - [-9.747168753638523e-12, -7.346419953924432e-06, 0.9999999999730154]
      translation: [-2.8981647186463354e-06, 1.5427402512245527e-06, 0.9644999999893547]
    name: iiwa14::iiwa_link_5
  - X_WF:
      rotation:
      - [-0.9999999999897334, -3.673214850570859e-06, -2.653603285507729e-06]
      - [-2.6536032855256312e-06, 1.1847930638439294e-17, 0.9999999999964797]
      - [-3.6732148505579268e-06, 0.9999999999932541, -9.74716875362536e-12]
      translation: [-4.481318218806934e-06, 1.5427381508102503e-06, 1.1799999999835393]
    name: iiwa14::iiwa_link_6
  - X_WF:
      rotation:
      - [-2.6984565300100104e-11, -0.9999999999932544, -3.673205103316948e-06]
      - [0.9999999999932544, -1.3492129569597143e-11, -3.6732051033912875e-06]
      - [3.6732051033169477e-06, -3.6732051033912884e-06, 0.9999999999865079]
      translation: [-4.778847832175607e-06, 1.2452085374355565e-06, 1.2609999999824464]
    name: iiwa14::iiwa_link_7
  note: Pi/2
  q:
    names: [iiwa_joint_1, iiwa_joint_2, iiwa_joint_3, iiwa_joint_4, iiwa_joint_5,
      iiwa_joint_6, iiwa_joint_7]
    values: [1.5707963267948966, 1.5707963267948966, 1.5707963267948966, 1.5707963267948966,
      1.5707963267948966, 1.5707963267948966, 1.5707963267948966]
expression: {expr: make_plant('drake/manipulation/models/iiwa_description/sdf/iiwa14_polytope_collision.sdf'),
  module: __main__}
type_name: tuple
