# GENERATED FILE - DO NOT EDIT BY HAND
configurations:
- frames:
  - X_WF:
      rotation:
      - [1.0, 0.0, 0.0]
      - [0.0, 1.0, 0.0]
      - [0.0, 0.0, 1.0]
      translation: [0.0, 0.0, 0.0]
    name: WorldBody
  - X_WF:
      rotation:
      - [1.0, 0.0, 0.0]
      - [0.0, 1.0, 0.0]
      - [0.0, 0.0, 1.0]
      translation: [0.0, 0.0, 0.0]
    name: iiwa14::iiwa_link_0
  - X_WF:
      rotation:
      - [1.0, 0.0, 0.0]
      - [0.0, 1.0, 0.0]
      - [0.0, 0.0, 1.0]
      translation: [0.0, 0.0, 0.1575]
    name: iiwa14::iiwa_link_1
  - X_WF:
      rotation:
      - [-1.0, 6.162975822039155e-32, 1.2246467991473532e-16]
      - [1.224646799147353e-16, 4.440892098500626e-16, 1.0]
      - [0.0, 1.0, -4.440892098500626e-16]
      translation: [0.0, 0.0, 0.36]
    name: iiwa14::iiwa_link_2
  - X_WF:
      rotation:
      - [1.0, 1.2246467991473527e-16, -1.224646799147353e-16]
      - [-1.2246467991473522e-16, 1.0, 0.0]
      - [1.2246467991473532e-16, 0.0, 1.0]
      translation: [1.6118570952617497e-32, 1.1102230246251565e-16, 0.5645]
    name: iiwa14::iiwa_link_3
  - X_WF:
      rotation:
      - [1.0, -1.2246467991473537e-16, -1.2246467991473522e-16]
      - [-1.2246467991473525e-16, -4.440892098500626e-16, -1.0]
      - [1.224646799147353e-16, 1.0, -4.440892098500626e-16]
      translation: [-2.6391138521625452e-17, 1.3877787807814457e-16, 0.78]
    name: iiwa14::iiwa_link_4
  - X_WF:
      rotation:
      - [-1.0, -2.4492935982947044e-16, -1.224646799147355e-16]
      - [2.4492935982947054e-16, -1.0, -8.881784197001252e-16]
      - [-1.2246467991473525e-16, -8.881784197001252e-16, 1.0]
      translation: [-4.898587196589412e-17, 0.0, 0.9645]
    name: iiwa14::iiwa_link_5
  - X_WF:
      rotation:
      - [-1.0, -1.2246467991473542e-16, 2.449293598294705e-16]
      - [2.4492935982947054e-16, -4.440892098500626e-16, 1.0]
      - [-1.2246467991473525e-16, 1.0, 4.440892098500626e-16]
      translation: [-7.537701048751963e-17, -1.1102230246251575e-16, 1.18]
    name: iiwa14::iiwa_link_6
  - X_WF:
      rotation:
      - [1.0, 0.0, -6.379283714134514e-32]
      - [0.0, 1.0, -4.930380657631324e-32]
      - [-4.930380657631324e-32, -2.9995195653237125e-32, 1.0]
      translation: [-1.232595164407831e-32, -9.860761315262648e-32, 1.261]
    name: iiwa14::iiwa_link_7
  note: Zeros
  q:
    names: [iiwa_joint_1, iiwa_joint_2, iiwa_joint_3, iiwa_joint_4, iiwa_joint_5,
      iiwa_joint_6, iiwa_joint_7]
    values: [0.0, 0.0, 0.0, 0.0, 0.0, 0.0, 0.0]
- frames:
  - X_WF:
      rotation:
      - [1.0, 0.0, 0.0]
      - [0.0, 1.0, 0.0]
      - [0.0, 0.0, 1.0]
      translation: [0.0, 0.0, 0.0]
    name: WorldBody
  - X_WF:
      rotation:
      - [1.0, 0.0, 0.0]
      - [0.0, 1.0, 0.0]
      - [0.0, 0.0, 1.0]
      translation: [0.0, 0.0, 0.0]
    name: iiwa14::iiwa_link_0
  - X_WF:
      rotation:
      - [0.5403023058681398, -0.8414709848078965, 0.0]
      - [0.8414709848078965, 0.5403023058681398, 0.0]
      - [0.0, 0.0, 1.0]
      translation: [0.0, 0.0, 0.1575]
    name: iiwa14::iiwa_link_1
  - X_WF:
      rotation:
      - [-0.29192658172642927, 0.4546487134128408, -0.8414709848078964]
      - [-0.4546487134128407, 0.7080734182735713, 0.5403023058681399]
      - [0.8414709848078965, 0.5403023058681398, -4.440892098500626e-16]
      translation: [0.0, 0.0, 0.36]
    name: iiwa14::iiwa_link_2
  - X_WF:
      rotation:
      - [-0.5503448130225772, -0.7002964616297821, 0.45464871341284113]
      - [0.7002964616297822, -0.09064711889071714, 0.708073418273571]
      - [-0.454648713412841, 0.7080734182735711, 0.5403023058681399]
      translation: [0.09297566189292594, 0.14480101403694534, 0.47049182155003455]
    name: iiwa14::iiwa_link_3
  - X_WF:
      rotation:
      - [0.08522112911847812, 0.708746940014967, 0.7002964616297819]
      - [0.974195029600826, -0.20670545260795198, 0.09064711889071682]
      - [0.20900096519589964, 0.6745002823435753, -0.7080734182735713]
      translation: [0.1909524596333932, 0.2973908356748999, 0.5869269684646188]
    name: iiwa14::iiwa_link_4
  - X_WF:
      rotation:
      - [0.5432339806536973, 0.45008290045563704, 0.7087469400149673]
      - [-0.45008290045563704, 0.8687336983101226, -0.20670545260795195]
      - [-0.7087469400149673, -0.2067054526079521, 0.674500282343575]
      translation: [0.3217162700661546, 0.25925367966873275, 0.7113722705570084]
    name: iiwa14::iiwa_link_5
  - X_WF:
      rotation:
      - [0.8899005579670987, -0.07417802671470558, -0.45008290045563737]
      - [-0.41711746971917674, 0.2670482688120052, -0.8687336983101225]
      - [0.18463481086977734, 0.9608240434529227, 0.20670545260795178]
      translation: [0.47445123563937974, 0.21470865463171918, 0.8567270814020488]
    name: iiwa14::iiwa_link_6
  - X_WF:
      rotation:
      - [-0.859547024954567, 0.50564466994567, -0.07417802671470589]
      - [-0.50564466994567, -0.8203710684074896, 0.2670482688120047]
      - [0.07417802671470618, 0.26704826881200483, 0.9608240434529228]
      translation: [0.4684428154754886, 0.23633956440549142, 0.9345538289217356]
    name: iiwa14::iiwa_link_7
  note: Ones
  q:
    names: [iiwa_joint_1, iiwa_joint_2, iiwa_joint_3, iiwa_joint_4, iiwa_joint_5,
      iiwa_joint_6, iiwa_joint_7]
    values: [1.0, 1.0, 1.0, 1.0, 1.0, 1.0, 1.0]
- frames:
  - X_WF:
      rotation:
      - [1.0, 0.0, 0.0]
      - [0.0, 1.0, 0.0]
      - [0.0, 0.0, 1.0]
      translation: [0.0, 0.0, 0.0]
    name: WorldBody
  - X_WF:
      rotation:
      - [1.0, 0.0, 0.0]
      - [0.0, 1.0, 0.0]
      - [0.0, 0.0, 1.0]
      translation: [0.0, 0.0, 0.0]
    name: iiwa14::iiwa_link_0
  - X_WF:
      rotation:
      - [0.9950041652780258, -0.09983341664682815, 0.0]
      - [0.09983341664682815, 0.9950041652780258, 0.0]
      - [0.0, 0.0, 1.0]
      translation: [0.0, 0.0, 0.1575]
    name: iiwa14::iiwa_link_1
  - X_WF:
      rotation:
      - [-0.975170327201816, 0.19767681165408385, -0.09983341664682803]
      - [-0.0978433950072555, 0.019833838076210284, 0.9950041652780258]
      - [0.19866933079506122, 0.9800665778412416, -4.440892098500626e-16]
      translation: [0.0, 0.0, 0.36]
    name: iiwa14::iiwa_link_2
  - X_WF:
      rotation:
      - [0.902113004769273, -0.38355704238148125, 0.1976768116540838]
      - [0.38751720202221723, 0.9216490856090721, 0.019833838076209833]
      - [-0.18979606097868731, 0.05871080169382649, 0.9800665778412416]
      translation: [0.04042490798326015, 0.004056019886585023, 0.5604236151685339]
    name: iiwa14::iiwa_link_3
  - X_WF:
      rotation:
      - [0.9078800771829088, -0.16922695025889437, 0.38355704238148114]
      - [0.36465063963305594, -0.13263813181421255, -0.9216490856090721]
      - [0.20684215351218635, 0.976611163818492, -0.058710801693826926]
      translation: [0.08302426089471521, 0.008330211992008268, 0.7716279626933215]
    name: iiwa14::iiwa_link_4
  - X_WF:
      rotation:
      - [-0.6128526823942299, 0.7718638668756759, -0.1692269502588942]
      - [-0.7618731517963409, -0.6340003364042841, -0.13263813181421297]
      - [-0.209668524710094, 0.0476418350925265, 0.976611163818492]
      translation: [0.051801888571949214, -0.016141523327714, 0.9518127224178332]
    name: iiwa14::iiwa_link_5
  - X_WF:
      rotation:
      - [-0.6013618692321683, 0.20637362536264572, -0.7718638668756758]
      - [-0.7036941690350814, 0.32071496676220296, 0.6340003364042842]
      - [0.37838924231486687, 0.9244197298031873, -0.04764183509252694]
      translation: [0.015333480791157546, -0.04472504073367674, 1.1622724282207182]
    name: iiwa14::iiwa_link_6
  - X_WF:
      rotation:
      - [-0.03730142776796924, -0.9777620008167374, 0.20637362536264536]
      - [0.9466492178504182, 0.03157797393612477, 0.32071496676220335]
      - [-0.32009976855609057, 0.2073265572012904, 0.9244197298031873]
      translation: [0.03204974444553169, -0.018747128425938238, 1.2371504263347763]
    name: iiwa14::iiwa_link_7
  note: Incrementing
  q:
    names: [iiwa_joint_1, iiwa_joint_2, iiwa_joint_3, iiwa_joint_4, iiwa_joint_5,
      iiwa_joint_6, iiwa_joint_7]
    values: [0.1, 0.2, 0.30000000000000004, 0.4, 0.5, 0.6, 0.7000000000000001]
- frames:
  - X_WF:
      rotation:
      - [1.0, 0.0, 0.0]
      - [0.0, 1.0, 0.0]
      - [0.0, 0.0, 1.0]
      translation: [0.0, 0.0, 0.0]
    name: WorldBody
  - X_WF:
      rotation:
      - [1.0, 0.0, 0.0]
      - [0.0, 1.0, 0.0]
      - [0.0, 0.0, 1.0]
      translation: [0.0, 0.0, 0.0]
    name: iiwa14::iiwa_link_0
  - X_WF:
      rotation:
      - [6.123233995736766e-17, -1.0, 0.0]
      - [1.0, 6.123233995736766e-17, 0.0]
      - [0.0, 0.0, 1.0]
      translation: [0.0, 0.0, 0.1575]
    name: iiwa14::iiwa_link_1
  - X_WF:
      rotation:
      - [-4.440892098500626e-16, 1.8369701987210292e-16, -1.0]
      - [-6.123233995736757e-17, 1.0, 1.8369701987210297e-16]
      - [1.0, 6.123233995736766e-17, -4.440892098500626e-16]
      translation: [0.0, 0.0, 0.36]
    name: iiwa14::iiwa_link_2
  - X_WF:
      rotation:
      - [-1.0, -5.053215498074303e-16, 6.277862297221655e-16]
      - [6.277862297221655e-16, -1.8369701987210287e-16, 1.0]
      - [-5.053215498074302e-16, 1.0, 1.8369701987210317e-16]
      translation: [1.7359981515667193e-17, 0.20450000000000002, 0.36]
    name: iiwa14::iiwa_link_3
  - X_WF:
      rotation:
      - [5.665538897647982e-16, 1.0, 5.0532154980743e-16]
      - [1.0, -5.665538897647979e-16, -2.6039218997795975e-16]
      - [-2.603921899779595e-16, 5.053215498074302e-16, -1.0]
      translation: [1.5264791402079387e-16, 0.42000000000000004, 0.36000000000000004]
    name: iiwa14::iiwa_link_4
  - X_WF:
      rotation:
      - [6.123233995736728e-17, 5.665538897647983e-16, 1.0]
      - [-4.440892098500624e-16, 1.0, -5.665538897647981e-16]
      - [-1.0, -4.4408920985006247e-16, 6.123233995736757e-17]
      translation: [0.18450000000000014, 0.41999999999999993, 0.3600000000000001]
    name: iiwa14::iiwa_link_5
  - X_WF:
      rotation:
      - [1.0, 3.821045009664276e-31, -1.0106430996148608e-15]
      - [-1.0106430996148608e-15, 4.440892098500623e-16, -1.0]
      - [8.628166150854817e-32, 1.0, 4.440892098500624e-16]
      translation: [0.3999999999999998, 0.4199999999999997, 0.3600000000000003]
    name: iiwa14::iiwa_link_6
  - X_WF:
      rotation:
      - [-8.269460797427579e-16, 1.0, -2.3978308486063697e-31]
      - [-1.0, -8.269460797427579e-16, -1.2246467991473544e-16]
      - [-1.2246467991473535e-16, 1.8781520447450827e-31, 1.0]
      translation: [0.39999999999999997, 0.41999999999999965, 0.4410000000000003]
    name: iiwa14::iiwa_link_7
  note: Pi/2
  q:
    names: [iiwa_joint_1, iiwa_joint_2, iiwa_joint_3, iiwa_joint_4, iiwa_joint_5,
      iiwa_joint_6, iiwa_joint_7]
    values: [1.5707963267948966, 1.5707963267948966, 1.5707963267948966, 1.5707963267948966,
      1.5707963267948966, 1.5707963267948966, 1.5707963267948966]
expression: {expr: make_plant('drake/manipulation/models/iiwa_description/sdf/iiwa14_no_collision.sdf'),
  module: __main__}
type_name: tuple
