# GENERATED FILE - DO NOT EDIT BY HAND
configurations:
- frames:
  - X_WF:
      rotation:
      - [1.0, 0.0, 0.0]
      - [0.0, 1.0, 0.0]
      - [0.0, 0.0, 1.0]
      translation: [0.0, 0.0, 0.0]
    name: WorldBody
  - X_WF:
      rotation:
      - [1.0, 0.0, 0.0]
      - [0.0, 1.0, 0.0]
      - [0.0, 0.0, 1.0]
      translation: [0.0, 0.0, 0.0]
    name: iiwa14
  - X_WF:
      rotation:
      - [1.0, 0.0, 0.0]
      - [0.0, 1.0, 0.0]
      - [0.0, 0.0, 1.0]
      translation: [0.0, 0.0, 0.0]
    name: iiwa14::iiwa_link_0
  - X_WF:
      rotation:
      - [1.0, 0.0, 0.0]
      - [0.0, 1.0, 0.0]
      - [0.0, 0.0, 1.0]
      translation: [0.0, 0.0, 0.1575]
    name: iiwa14::iiwa_link_1
  - X_WF:
      rotation:
      - [-0.9999999999964794, -9.747179571084253e-12, -2.653589793334828e-06]
      - [-2.6535897933527295e-06, 3.673205103305044e-06, 0.9999999999897331]
      - [2.1175668114927422e-22, 0.9999999999932538, -3.673205103416066e-06]
      translation: [-7.365083000744742e-23, 2.7755167807655964e-17, 0.3599999999999999]
    name: iiwa14::iiwa_link_2
  - X_WF:
      rotation:
      - [1.0000000000000002, 4.235164736271502e-22, 2.317769769896387e-22]
      - [0.0, 1.0000000000000002, -9.8089803423837e-17]
      - [2.002029584110999e-23, -9.808980342439891e-17, 1.0000000000000002]
      translation: [-3.665509633165656e-23, 3.1566180795589875e-17, 0.5645]
    name: iiwa14::iiwa_link_3
  - X_WF:
      rotation:
      - [1.0000000000000002, 2.317754213252028e-22, -4.235173249886678e-22]
      - [0.0, -3.673205103514157e-06, -0.9999999999932541]
      - [2.002029584110999e-23, 0.9999999999932541, -3.6732051033179773e-06]
      translation: [1.3292842209610557e-23, 1.0428235965441007e-17, 0.78]
    name: iiwa14::iiwa_link_4
  - X_WF:
      rotation:
      - [-0.9999999999964796, 2.65358979335273e-06, 2.3177697698963874e-22]
      - [-2.653589793352731e-06, -0.9999999999964796, -9.8089803423837e-17]
      - [8.489970310763773e-24, 5.312565270387158e-29, 1.0000000000000004]
      translation: [5.605569446419896e-23, 1.2869384919427901e-17, 0.9645000000000004]
    name: iiwa14::iiwa_link_5
  - X_WF:
      rotation:
      - [-0.9999999999964796, -9.747179570872496e-12, -2.653589793334828e-06]
      - [-2.6535897933527304e-06, 3.673205103305045e-06, 0.9999999999897334]
      - [2.202466514600381e-22, 0.9999999999932543, -3.673205103416068e-06]
      translation: [-1.8860401564159761e-22, 1.0275333474296689e-16, 1.1800000000000002]
    name: iiwa14::iiwa_link_6
  - X_WF:
      rotation:
      - [1.0000000000000004, 1.2705494208814505e-21, 4.435335982160799e-22]
      - [0.0, 1.0000000000000004, -9.8089803423837e-17]
      - [1.1530325530375981e-23, -9.808980342442144e-17, 1.0000000000000007]
      translation: [4.748349223816903e-22, -1.4166882185733896e-16, 1.2610000000000003]
    name: iiwa14::iiwa_link_7
  note: Zeros
  q:
    names: [iiwa_joint_1, iiwa_joint_2, iiwa_joint_3, iiwa_joint_4, iiwa_joint_5,
      iiwa_joint_6, iiwa_joint_7]
    values: [0.0, 0.0, 0.0, 0.0, 0.0, 0.0, 0.0]
- frames:
  - X_WF:
      rotation:
      - [1.0, 0.0, 0.0]
      - [0.0, 1.0, 0.0]
      - [0.0, 0.0, 1.0]
      translation: [0.0, 0.0, 0.0]
    name: WorldBody
  - X_WF:
      rotation:
      - [1.0, 0.0, 0.0]
      - [0.0, 1.0, 0.0]
      - [0.0, 0.0, 1.0]
      translation: [0.0, 0.0, 0.0]
    name: iiwa14
  - X_WF:
      rotation:
      - [1.0, 0.0, 0.0]
      - [0.0, 1.0, 0.0]
      - [0.0, 0.0, 1.0]
      translation: [0.0, 0.0, 0.0]
    name: iiwa14::iiwa_link_0
  - X_WF:
      rotation:
      - [0.5403023058681398, -0.8414709848078965, 0.0]
      - [0.8414709848078965, 0.5403023058681398, 0.0]
      - [0.0, 0.0, 1.0]
      translation: [0.0, 0.0, 0.1575]
    name: iiwa14::iiwa_link_1
  - X_WF:
      rotation:
      - [-0.2919243488065843, 0.4546456225114126, -0.8414734294706292]
      - [-0.4546501471519244, 0.7080754029055502, 0.5402984985125134]
      - [0.8414709848049339, 0.5403023058726968, 2.482776293772662e-07]
      translation: [-7.383138321593539e-17, -6.361586571717279e-17, 0.35999999999999993]
    name: iiwa14::iiwa_link_2
  - X_WF:
      rotation:
      - [-0.5503448130225779, -0.7002964616297819, 0.454648713412841]
      - [0.7002964616297819, -0.09064711889071764, 0.7080734182735713]
      - [-0.45464871341284097, 0.7080734182735713, 0.5403023058681399]
      translation: [0.09297566189292597, 0.1448010140369454, 0.4704918215500346]
    name: iiwa14::iiwa_link_3
  - X_WF:
      rotation:
      - [0.08522112911847757, 0.7087495123427227, 0.7002938582521806]
      - [0.9741950296008262, -0.20670511964109722, 0.09064787816162935]
      - [0.2090009651958999, 0.6744976814401314, -0.7080758958466739]
      translation: [0.19095245963339313, 0.29739083567490004, 0.5869269684646187]
    name: iiwa14::iiwa_link_4
  - X_WF:
      rotation:
      - [0.5432351749871763, 0.45008145893390566, 0.7087469400149673]
      - [-0.45008059519117694, 0.8687348926424554, -0.20670545260795142]
      - [-0.7087474885239512, -0.20670357188357782, 0.6745002823435754]
      translation: [0.3217162700661547, 0.259253679668733, 0.7113722705570085]
    name: iiwa14::iiwa_link_5
  - X_WF:
      rotation:
      - [0.8899017522993569, -0.0741796799523386, -0.4500802665488718]
      - [-0.41711516445483215, 0.26704507776908387, -0.868735786082928]
      - [0.1846342623576484, 0.9608248027197639, 0.20670241324709918]
      translation: [0.4744512356393799, 0.2147086546317194, 0.8567270814020488]
    name: iiwa14::iiwa_link_6
  - X_WF:
      rotation:
      - [-0.8595470249545671, 0.5056446699456706, -0.07417802671470612]
      - [-0.5056446699456708, -0.8203710684074892, 0.26704826881200533]
      - [0.0741780267147062, 0.26704826881200533, 0.9608240434529227]
      translation: [0.4684428154754888, 0.2363395644054921, 0.9345538289217357]
    name: iiwa14::iiwa_link_7
  note: Ones
  q:
    names: [iiwa_joint_1, iiwa_joint_2, iiwa_joint_3, iiwa_joint_4, iiwa_joint_5,
      iiwa_joint_6, iiwa_joint_7]
    values: [1.0, 1.0, 1.0, 1.0, 1.0, 1.0, 1.0]
- frames:
  - X_WF:
      rotation:
      - [1.0, 0.0, 0.0]
      - [0.0, 1.0, 0.0]
      - [0.0, 0.0, 1.0]
      translation: [0.0, 0.0, 0.0]
    name: WorldBody
  - X_WF:
      rotation:
      - [1.0, 0.0, 0.0]
      - [0.0, 1.0, 0.0]
      - [0.0, 0.0, 1.0]
      translation: [0.0, 0.0, 0.0]
    name: iiwa14
  - X_WF:
      rotation:
      - [1.0, 0.0, 0.0]
      - [0.0, 1.0, 0.0]
      - [0.0, 0.0, 1.0]
      translation: [0.0, 0.0, 0.0]
    name: iiwa14::iiwa_link_0
  - X_WF:
      rotation:
      - [0.9950041652780258, -0.09983341664682815, 0.0]
      - [0.09983341664682815, 0.9950041652780258, 0.0]
      - [0.0, 0.0, 1.0]
      translation: [0.0, 0.0, 0.1575]
    name: iiwa14::iiwa_link_1
  - X_WF:
      rotation:
      - [-0.9751700622814472, 0.19767644493462969, -0.0998367304553036]
      - [-0.09784603533980858, 0.019837492929500086, 0.9950038327778207]
      - [0.19866933079436178, 0.9800665778365664, -3.072798646967275e-06]
      translation: [-2.4717519980616616e-17, 2.5414499978388416e-17, 0.3599999999999999]
    name: iiwa14::iiwa_link_2
  - X_WF:
      rotation:
      - [0.9021130047692731, -0.38355704238148147, 0.19767681165408396]
      - [0.38751720202221757, 0.9216490856090722, 0.01983383807620978]
      - [-0.18979606097868748, 0.058710801693826455, 0.9800665778412416]
      translation: [0.040424907983260164, 0.004056019886584952, 0.560423615168534]
    name: iiwa14::iiwa_link_3
  - X_WF:
      rotation:
      - [0.9078800771829089, -0.16922554137406728, 0.38355766398419117]
      - [0.3646506396330563, -0.13264151721944234, -0.921648598395792]
      - [0.20684215351218627, 0.9766109481550873, -0.058714388986541376]
      translation: [0.08302426089471529, 0.008330211992008174, 0.7716279626933215]
    name: iiwa14::iiwa_link_4
  - X_WF:
      rotation:
      - [-0.6128506341819931, 0.7718654931325816, -0.16922695025889448]
      - [-0.7618748341704806, -0.6339983147032325, -0.13263813181421236]
      - [-0.20966839828746803, 0.04764239146661662, 0.9766111638184922]
      translation: [0.051801888571949214, -0.01614152332771401, 0.9518127224178334]
    name: iiwa14::iiwa_link_5
  - X_WF:
      rotation:
      - [-0.6013598210199721, 0.20637079014109705, -0.7718662206881238]
      - [-0.7036958514094258, 0.3207172955664521, 0.6339972910302577]
      - [0.3783893687354225, 0.9244195548024073, -0.04764422658547596]
      translation: [0.01533348079115742, -0.04472504073367666, 1.1622724282207182]
    name: iiwa14::iiwa_link_6
  - X_WF:
      rotation:
      - [-0.037301427767969186, -0.977762000816738, 0.2063736253626458]
      - [0.9466492178504186, 0.03157797393612488, 0.32071496676220357]
      - [-0.3200997685560909, 0.20732655720129073, 0.9244197298031873]
      translation: [0.03204974444553195, -0.01874712842593827, 1.2371504263347766]
    name: iiwa14::iiwa_link_7
  note: Incrementing
  q:
    names: [iiwa_joint_1, iiwa_joint_2, iiwa_joint_3, iiwa_joint_4, iiwa_joint_5,
      iiwa_joint_6, iiwa_joint_7]
    values: [0.1, 0.2, 0.30000000000000004, 0.4, 0.5, 0.6, 0.7000000000000001]
- frames:
  - X_WF:
      rotation:
      - [1.0, 0.0, 0.0]
      - [0.0, 1.0, 0.0]
      - [0.0, 0.0, 1.0]
      translation: [0.0, 0.0, 0.0]
    name: WorldBody
  - X_WF:
      rotation:
      - [1.0, 0.0, 0.0]
      - [0.0, 1.0, 0.0]
      - [0.0, 0.0, 1.0]
      translation: [0.0, 0.0, 0.0]
    name: iiwa14
  - X_WF:
      rotation:
      - [1.0, 0.0, 0.0]
      - [0.0, 1.0, 0.0]
      - [0.0, 0.0, 1.0]
      translation: [0.0, 0.0, 0.0]
    name: iiwa14::iiwa_link_0
  - X_WF:
      rotation:
      - [6.123233995736766e-17, -1.0, 0.0]
      - [1.0, 6.123233995736766e-17, 0.0]
      - [0.0, 0.0, 1.0]
      translation: [0.0, 0.0, 0.1575]
    name: iiwa14::iiwa_link_1
  - X_WF:
      rotation:
      - [2.653589793463752e-06, -3.6732051033548346e-06, -0.9999999999897331]
      - [-6.123223634569514e-17, 0.999999999993254, -3.673205103367768e-06]
      - [0.9999999999964793, 9.747240803491735e-12, 2.6535897933477613e-06]
      translation: [-2.7755167807655958e-17, -1.1102240441368869e-16, 0.36]
    name: iiwa14::iiwa_link_2
  - X_WF:
      rotation:
      - [-1.0000000000000002, 4.9789867189028655e-17, 4.8299089201861087e-17]
      - [-4.9791137738449537e-17, -6.123233995869286e-17, 1.0000000000000002]
      - [-4.829866568538746e-17, 1.0000000000000002, 6.123212819722487e-17]
      translation: [-4.174836385453381e-17, 0.2045000000000001, 0.36]
    name: iiwa14::iiwa_link_3
  - X_WF:
      rotation:
      - [-1.2933250755506586e-17, 0.9999999999932541, -3.6732051032438127e-06]
      - [1.0000000000000004, 1.1102288699951028e-16, -1.6081244785981282e-16]
      - [-1.6081205321133286e-16, -3.6732051031457246e-06, -0.9999999999932542]
      translation: [-1.4236221259329945e-16, 0.42000000000000015, 0.36]
    name: iiwa14::iiwa_link_4
  - X_WF:
      rotation:
      - [7.416451079569203e-17, -1.2933476068229053e-17, 1.0000000000000004]
      - [2.6535897931306866e-06, 0.9999999999964798, 1.1102347769586548e-16]
      - [-0.9999999999964797, 2.653589793130686e-06, 2.7034284709394514e-16]
      translation: [0.18450000000000014, 0.42000000000000015, 0.36000000000000004]
    name: iiwa14::iiwa_link_5
  - X_WF:
      rotation:
      - [0.9999999999964797, 9.74716663899413e-12, 2.653589793360696e-06]
      - [2.6535897934766873e-06, -3.673205103194024e-06, -0.9999999999897337]
      - [2.0911016399746974e-16, 0.9999999999932543, -3.6732051032069562e-06]
      translation: [0.3999999999999999, 0.42000000000000004, 0.3600000000000001]
    name: iiwa14::iiwa_link_6
  - X_WF:
      rotation:
      - [-3.5365743130235175e-17, 1.0000000000000007, -1.2932416918384642e-17]
      - [-1.0000000000000007, 6.272406029360182e-17, 2.0911168236987902e-16]
      - [1.1102132405344514e-16, 2.091104871157759e-16, 1.0000000000000007]
      translation: [0.3999999999999999, 0.4200000000000003, 0.44100000000000034]
    name: iiwa14::iiwa_link_7
  note: Pi/2
  q:
    names: [iiwa_joint_1, iiwa_joint_2, iiwa_joint_3, iiwa_joint_4, iiwa_joint_5,
      iiwa_joint_6, iiwa_joint_7]
    values: [1.5707963267948966, 1.5707963267948966, 1.5707963267948966, 1.5707963267948966,
      1.5707963267948966, 1.5707963267948966, 1.5707963267948966]
expression: {expr: 'make_plant(try_find_file(''manipulation/models/iiwa_description/sdf/iiwa14_polytope_collision.sdf''),
    find_resource=False)', module: __main__}
type_name: tuple
