# GENERATED FILE - DO NOT EDIT BY HAND
configurations:
- frames:
  - X_WF:
      rotation:
      - [1.0, 0.0, 0.0]
      - [0.0, 1.0, 0.0]
      - [0.0, 0.0, 1.0]
      translation: [0.0, 0.0, 0.0]
    name: WorldBody
  - X_WF:
      rotation:
      - [1.0, 0.0, 0.0]
      - [0.0, 1.0, 0.0]
      - [0.0, 0.0, 1.0]
      translation: [0.0, 0.0, 0.0]
    name: four_bar::A
  - X_WF:
      rotation:
      - [1.0, 0.0, 0.0]
      - [0.0, 1.0, 0.0]
      - [0.0, 0.0, 1.0]
      translation: [4.0, 0.1, 0.0]
    name: four_bar::B
  - X_WF:
      rotation:
      - [1.0, 0.0, 0.0]
      - [0.0, 4.896638650109253e-12, 1.0]
      - [0.0, -1.0, 4.896638650109253e-12]
      translation: [8.0, 0.1, 0.0]
    name: four_bar::Bc_bushing
  - X_WF:
      rotation:
      - [1.0, 0.0, 0.0]
      - [0.0, 1.0, 0.0]
      - [0.0, 0.0, 1.0]
      translation: [-2.0, 0.2, 0.0]
    name: four_bar::C
  - X_WF:
      rotation:
      - [1.0, 0.0, 0.0]
      - [0.0, 4.896638650109253e-12, 1.0]
      - [0.0, -1.0, 4.896638650109253e-12]
      translation: [2.0, 0.2, 0.0]
    name: four_bar::Cb_bushing
  note: Zeros
  q:
    names: [joint_WA, joint_WC, joint_AB]
    values: [0.0, 0.0, 0.0]
- frames:
  - X_WF:
      rotation:
      - [1.0, 0.0, 0.0]
      - [0.0, 1.0, 0.0]
      - [0.0, 0.0, 1.0]
      translation: [0.0, 0.0, 0.0]
    name: WorldBody
  - X_WF:
      rotation:
      - [0.5403023058681398, 0.0, 0.8414709848078965]
      - [0.0, 1.0, 0.0]
      - [-0.8414709848078965, 0.0, 0.5403023058681398]
      translation: [0.0, 0.0, 0.0]
    name: four_bar::A
  - X_WF:
      rotation:
      - [-0.4161468365471423, 0.0, 0.9092974268256818]
      - [0.0, 1.0, 0.0]
      - [-0.9092974268256818, 0.0, -0.4161468365471423]
      translation: [2.161209223472559, 0.1, -3.365883939231586]
    name: four_bar::B
  - X_WF:
      rotation:
      - [-0.4161468365471423, -0.9092974268256818, 4.452500924639524e-12]
      - [0.0, 4.896638650109253e-12, 1.0]
      - [-0.9092974268256818, 0.4161468365471423, -2.037720683957435e-12]
      translation: [0.4966218772839899, 0.1, -7.003073646534313]
    name: four_bar::Bc_bushing
  - X_WF:
      rotation:
      - [0.5403023058681398, 0.0, 0.8414709848078965]
      - [0.0, 1.0, 0.0]
      - [-0.8414709848078965, 0.0, 0.5403023058681398]
      translation: [-2.0, 0.2, 0.0]
    name: four_bar::C
  - X_WF:
      rotation:
      - [0.5403023058681398, -0.8414709848078965, 4.120379347155842e-12]
      - [0.0, 4.896638650109253e-12, 1.0]
      - [-0.8414709848078965, -0.5403023058681398, 2.6456651536570846e-12]
      translation: [0.16120922347255906, 0.2, -3.365883939231586]
    name: four_bar::Cb_bushing
  note: Ones
  q:
    names: [joint_WA, joint_WC, joint_AB]
    values: [1.0, 1.0, 1.0]
- frames:
  - X_WF:
      rotation:
      - [1.0, 0.0, 0.0]
      - [0.0, 1.0, 0.0]
      - [0.0, 0.0, 1.0]
      translation: [0.0, 0.0, 0.0]
    name: WorldBody
  - X_WF:
      rotation:
      - [0.9950041652780258, 0.0, 0.09983341664682815]
      - [0.0, 1.0, 0.0]
      - [-0.09983341664682815, 0.0, 0.9950041652780258]
      translation: [0.0, 0.0, 0.0]
    name: four_bar::A
  - X_WF:
      rotation:
      - [0.9210609940028851, 0.0, 0.3894183423086505]
      - [0.0, 1.0, 0.0]
      - [-0.3894183423086505, 0.0, 0.9210609940028851]
      translation: [3.9800166611121033, 0.1, -0.3993336665873126]
    name: four_bar::B
  - X_WF:
      rotation:
      - [0.9210609940028851, -0.3894183423086505, 1.9068409060100133e-12]
      - [0.0, 4.896638650109253e-12, 1.0]
      - [-0.3894183423086505, -0.9210609940028851, 4.510102862342574e-12]
      translation: [7.664260637123643, 0.1, -1.9570070358219147]
    name: four_bar::Bc_bushing
  - X_WF:
      rotation:
      - [0.9800665778412416, 0.0, 0.19866933079506122]
      - [0.0, 1.0, 0.0]
      - [-0.19866933079506122, 0.0, 0.9800665778412416]
      translation: [-2.0, 0.2, 0.0]
    name: four_bar::C
  - X_WF:
      rotation:
      - [0.9800665778412416, -0.19866933079506122, 9.728119237624371e-13]
      - [0.0, 4.896638650109253e-12, 1.0]
      - [-0.19866933079506122, -0.9800665778412416, 4.7990318847377324e-12]
      translation: [1.9202663113649665, 0.2, -0.7946773231802449]
    name: four_bar::Cb_bushing
  note: Incrementing
  q:
    names: [joint_WA, joint_WC, joint_AB]
    values: [0.1, 0.2, 0.30000000000000004]
- frames:
  - X_WF:
      rotation:
      - [1.0, 0.0, 0.0]
      - [0.0, 1.0, 0.0]
      - [0.0, 0.0, 1.0]
      translation: [0.0, 0.0, 0.0]
    name: WorldBody
  - X_WF:
      rotation:
      - [6.123233995736766e-17, 0.0, 1.0]
      - [0.0, 1.0, 0.0]
      - [-1.0, 0.0, 6.123233995736766e-17]
      translation: [0.0, 0.0, 0.0]
    name: four_bar::A
  - X_WF:
      rotation:
      - [-1.0, 0.0, 1.2246467991473532e-16]
      - [0.0, 1.0, 0.0]
      - [-1.2246467991473532e-16, 0.0, -1.0]
      translation: [2.4492935982947064e-16, 0.1, -4.0]
    name: four_bar::B
  - X_WF:
      rotation:
      - [-1.0, -1.2246467991473532e-16, 5.996652849437513e-28]
      - [0.0, 4.896638650109253e-12, 1.0]
      - [-1.2246467991473532e-16, 1.0, -4.896638650109253e-12]
      translation: [-3.9999999999999996, 0.1, -4.000000000000001]
    name: four_bar::Bc_bushing
  - X_WF:
      rotation:
      - [6.123233995736766e-17, 0.0, 1.0]
      - [0.0, 1.0, 0.0]
      - [-1.0, 0.0, 6.123233995736766e-17]
      translation: [-2.0, 0.2, 0.0]
    name: four_bar::C
  - X_WF:
      rotation:
      - [6.123233995736766e-17, -1.0, 4.896638650109253e-12]
      - [0.0, 4.896638650109253e-12, 1.0]
      - [-1.0, -6.123233995736766e-17, 2.9983264247187565e-28]
      translation: [-1.9999999999999998, 0.2, -4.0]
    name: four_bar::Cb_bushing
  note: Pi/2
  q:
    names: [joint_WA, joint_WC, joint_AB]
    values: [1.5707963267948966, 1.5707963267948966, 1.5707963267948966]
expression: {expr: 'make_plant(try_find_file(''examples/multibody/four_bar/four_bar.sdf''),
    find_resource=False)', module: __main__}
type_name: tuple
