# GENERATED FILE - DO NOT EDIT BY HAND
configurations:
- frames:
  - X_WF:
      rotation:
      - [1.0, 0.0, 0.0]
      - [0.0, 1.0, 0.0]
      - [0.0, 0.0, 1.0]
      translation: [0.0, 0.0, 0.0]
    name: WorldBody
  - X_WF:
      rotation:
      - [1.0, 0.0, 0.0]
      - [0.0, 1.0, 0.0]
      - [0.0, 0.0, 1.0]
      translation: [0.0, 0.0, 0.0]
    name: planar_gripper::finger1_base
  - X_WF:
      rotation:
      - [1.0, 0.0, 0.0]
      - [0.0, 1.0, 0.0]
      - [0.0, 0.0, 1.0]
      translation: [0.0, 0.0, 0.0]
    name: planar_gripper::finger1_link1
  - X_WF:
      rotation:
      - [1.0, 0.0, 0.0]
      - [0.0, 1.0, 0.0]
      - [0.0, 0.0, 1.0]
      translation: [0.0, 0.0, -0.085]
    name: planar_gripper::finger1_link2
  - X_WF:
      rotation:
      - [1.0, 0.0, 0.0]
      - [0.0, 1.0, 0.0]
      - [0.0, 0.0, 1.0]
      translation: [0.0, 0.0, -0.13]
    name: planar_gripper::finger1_tip_link
  - X_WF:
      rotation:
      - [1.0, 0.0, 0.0]
      - [0.0, 1.0, 0.0]
      - [0.0, 0.0, 1.0]
      translation: [0.0, 0.0, 0.0]
    name: planar_gripper::finger2_base
  - X_WF:
      rotation:
      - [1.0, 0.0, 0.0]
      - [0.0, 1.0, 0.0]
      - [0.0, 0.0, 1.0]
      translation: [0.0, 0.0, 0.0]
    name: planar_gripper::finger2_link1
  - X_WF:
      rotation:
      - [1.0, 0.0, 0.0]
      - [0.0, 1.0, 0.0]
      - [0.0, 0.0, 1.0]
      translation: [0.0, 0.0, -0.085]
    name: planar_gripper::finger2_link2
  - X_WF:
      rotation:
      - [1.0, 0.0, 0.0]
      - [0.0, 1.0, 0.0]
      - [0.0, 0.0, 1.0]
      translation: [0.0, 0.0, -0.13]
    name: planar_gripper::finger2_tip_link
  - X_WF:
      rotation:
      - [1.0, 0.0, 0.0]
      - [0.0, 1.0, 0.0]
      - [0.0, 0.0, 1.0]
      translation: [0.0, 0.0, 0.0]
    name: planar_gripper::finger3_base
  - X_WF:
      rotation:
      - [1.0, 0.0, 0.0]
      - [0.0, 1.0, 0.0]
      - [0.0, 0.0, 1.0]
      translation: [0.0, 0.0, 0.0]
    name: planar_gripper::finger3_link1
  - X_WF:
      rotation:
      - [1.0, 0.0, 0.0]
      - [0.0, 1.0, 0.0]
      - [0.0, 0.0, 1.0]
      translation: [0.0, 0.0, -0.085]
    name: planar_gripper::finger3_link2
  - X_WF:
      rotation:
      - [1.0, 0.0, 0.0]
      - [0.0, 1.0, 0.0]
      - [0.0, 0.0, 1.0]
      translation: [0.0, 0.0, -0.13]
    name: planar_gripper::finger3_tip_link
  note: Zeros
  q:
    names: [finger1_BaseJoint, finger2_BaseJoint, finger3_BaseJoint, finger1_MidJoint,
      finger2_MidJoint, finger3_MidJoint]
    values: [0.0, 0.0, 0.0, 0.0, 0.0, 0.0]
- frames:
  - X_WF:
      rotation:
      - [1.0, 0.0, 0.0]
      - [0.0, 1.0, 0.0]
      - [0.0, 0.0, 1.0]
      translation: [0.0, 0.0, 0.0]
    name: WorldBody
  - X_WF:
      rotation:
      - [1.0, 0.0, 0.0]
      - [0.0, 1.0, 0.0]
      - [0.0, 0.0, 1.0]
      translation: [0.0, 0.0, 0.0]
    name: planar_gripper::finger1_base
  - X_WF:
      rotation:
      - [1.0, 0.0, 0.0]
      - [0.0, 0.5403023058681398, -0.8414709848078965]
      - [0.0, 0.8414709848078965, 0.5403023058681398]
      translation: [0.0, 0.0, 0.0]
    name: planar_gripper::finger1_link1
  - X_WF:
      rotation:
      - [1.0, 0.0, 0.0]
      - [0.0, -0.4161468365471423, -0.9092974268256818]
      - [0.0, 0.9092974268256818, -0.4161468365471423]
      translation: [0.0, 0.0715250337086712, -0.045925695998791885]
    name: planar_gripper::finger1_link2
  - X_WF:
      rotation:
      - [1.0, 0.0, 0.0]
      - [0.0, -0.4161468365471423, -0.9092974268256818]
      - [0.0, 0.9092974268256818, -0.4161468365471423]
      translation: [0.0, 0.11244341791582689, -0.02719908835417048]
    name: planar_gripper::finger1_tip_link
  - X_WF:
      rotation:
      - [1.0, 0.0, 0.0]
      - [0.0, 1.0, 0.0]
      - [0.0, 0.0, 1.0]
      translation: [0.0, 0.0, 0.0]
    name: planar_gripper::finger2_base
  - X_WF:
      rotation:
      - [1.0, 0.0, 0.0]
      - [0.0, 0.5403023058681398, -0.8414709848078965]
      - [0.0, 0.8414709848078965, 0.5403023058681398]
      translation: [0.0, 0.0, 0.0]
    name: planar_gripper::finger2_link1
  - X_WF:
      rotation:
      - [1.0, 0.0, 0.0]
      - [0.0, -0.4161468365471423, -0.9092974268256818]
      - [0.0, 0.9092974268256818, -0.4161468365471423]
      translation: [0.0, 0.0715250337086712, -0.045925695998791885]
    name: planar_gripper::finger2_link2
  - X_WF:
      rotation:
      - [1.0, 0.0, 0.0]
      - [0.0, -0.4161468365471423, -0.9092974268256818]
      - [0.0, 0.9092974268256818, -0.4161468365471423]
      translation: [0.0, 0.11244341791582689, -0.02719908835417048]
    name: planar_gripper::finger2_tip_link
  - X_WF:
      rotation:
      - [1.0, 0.0, 0.0]
      - [0.0, 1.0, 0.0]
      - [0.0, 0.0, 1.0]
      translation: [0.0, 0.0, 0.0]
    name: planar_gripper::finger3_base
  - X_WF:
      rotation:
      - [1.0, 0.0, 0.0]
      - [0.0, 0.5403023058681398, -0.8414709848078965]
      - [0.0, 0.8414709848078965, 0.5403023058681398]
      translation: [0.0, 0.0, 0.0]
    name: planar_gripper::finger3_link1
  - X_WF:
      rotation:
      - [1.0, 0.0, 0.0]
      - [0.0, -0.4161468365471423, -0.9092974268256818]
      - [0.0, 0.9092974268256818, -0.4161468365471423]
      translation: [0.0, 0.0715250337086712, -0.045925695998791885]
    name: planar_gripper::finger3_link2
  - X_WF:
      rotation:
      - [1.0, 0.0, 0.0]
      - [0.0, -0.4161468365471423, -0.9092974268256818]
      - [0.0, 0.9092974268256818, -0.4161468365471423]
      translation: [0.0, 0.11244341791582689, -0.02719908835417048]
    name: planar_gripper::finger3_tip_link
  note: Ones
  q:
    names: [finger1_BaseJoint, finger2_BaseJoint, finger3_BaseJoint, finger1_MidJoint,
      finger2_MidJoint, finger3_MidJoint]
    values: [1.0, 1.0, 1.0, 1.0, 1.0, 1.0]
- frames:
  - X_WF:
      rotation:
      - [1.0, 0.0, 0.0]
      - [0.0, 1.0, 0.0]
      - [0.0, 0.0, 1.0]
      translation: [0.0, 0.0, 0.0]
    name: WorldBody
  - X_WF:
      rotation:
      - [1.0, 0.0, 0.0]
      - [0.0, 1.0, 0.0]
      - [0.0, 0.0, 1.0]
      translation: [0.0, 0.0, 0.0]
    name: planar_gripper::finger1_base
  - X_WF:
      rotation:
      - [1.0, 0.0, 0.0]
      - [0.0, 0.9950041652780258, -0.09983341664682815]
      - [0.0, 0.09983341664682815, 0.9950041652780258]
      translation: [0.0, 0.0, 0.0]
    name: planar_gripper::finger1_link1
  - X_WF:
      rotation:
      - [1.0, 0.0, 0.0]
      - [0.0, 0.8775825618903729, -0.47942553860420306]
      - [0.0, 0.47942553860420306, 0.8775825618903729]
      translation: [0.0, 0.008485840414980394, -0.0845753540486322]
    name: planar_gripper::finger1_link2
  - X_WF:
      rotation:
      - [1.0, 0.0, 0.0]
      - [0.0, 0.8775825618903729, -0.47942553860420306]
      - [0.0, 0.47942553860420306, 0.8775825618903729]
      translation: [0.0, 0.03005998965216953, -0.12406656933369897]
    name: planar_gripper::finger1_tip_link
  - X_WF:
      rotation:
      - [1.0, 0.0, 0.0]
      - [0.0, 1.0, 0.0]
      - [0.0, 0.0, 1.0]
      translation: [0.0, 0.0, 0.0]
    name: planar_gripper::finger2_base
  - X_WF:
      rotation:
      - [1.0, 0.0, 0.0]
      - [0.0, 0.9800665778412416, -0.19866933079506122]
      - [0.0, 0.19866933079506122, 0.9800665778412416]
      translation: [0.0, 0.0, 0.0]
    name: planar_gripper::finger2_link1
  - X_WF:
      rotation:
      - [1.0, 0.0, 0.0]
      - [0.0, 0.7648421872844885, -0.644217687237691]
      - [0.0, 0.644217687237691, 0.7648421872844885]
      translation: [0.0, 0.016886893117580206, -0.08330565911650555]
    name: planar_gripper::finger2_link2
  - X_WF:
      rotation:
      - [1.0, 0.0, 0.0]
      - [0.0, 0.7648421872844885, -0.644217687237691]
      - [0.0, 0.644217687237691, 0.7648421872844885]
      translation: [0.0, 0.0458766890432763, -0.11772355754430752]
    name: planar_gripper::finger2_tip_link
  - X_WF:
      rotation:
      - [1.0, 0.0, 0.0]
      - [0.0, 1.0, 0.0]
      - [0.0, 0.0, 1.0]
      translation: [0.0, 0.0, 0.0]
    name: planar_gripper::finger3_base
  - X_WF:
      rotation:
      - [1.0, 0.0, 0.0]
      - [0.0, 0.955336489125606, -0.2955202066613396]
      - [0.0, 0.2955202066613396, 0.955336489125606]
      translation: [0.0, 0.0, 0.0]
    name: planar_gripper::finger3_link1
  - X_WF:
      rotation:
      - [1.0, 0.0, 0.0]
      - [0.0, 0.6216099682706644, -0.7833269096274834]
      - [0.0, 0.7833269096274834, 0.6216099682706644]
      translation: [0.0, 0.025119217566213867, -0.08120360157567652]
    name: planar_gripper::finger3_link2
  - X_WF:
      rotation:
      - [1.0, 0.0, 0.0]
      - [0.0, 0.6216099682706644, -0.7833269096274834]
      - [0.0, 0.7833269096274834, 0.6216099682706644]
      translation: [0.0, 0.06036892849945062, -0.10917605014785642]
    name: planar_gripper::finger3_tip_link
  note: Incrementing
  q:
    names: [finger1_BaseJoint, finger2_BaseJoint, finger3_BaseJoint, finger1_MidJoint,
      finger2_MidJoint, finger3_MidJoint]
    values: [0.1, 0.2, 0.30000000000000004, 0.4, 0.5, 0.6]
- frames:
  - X_WF:
      rotation:
      - [1.0, 0.0, 0.0]
      - [0.0, 1.0, 0.0]
      - [0.0, 0.0, 1.0]
      translation: [0.0, 0.0, 0.0]
    name: WorldBody
  - X_WF:
      rotation:
      - [1.0, 0.0, 0.0]
      - [0.0, 1.0, 0.0]
      - [0.0, 0.0, 1.0]
      translation: [0.0, 0.0, 0.0]
    name: planar_gripper::finger1_base
  - X_WF:
      rotation:
      - [1.0, 0.0, 0.0]
      - [0.0, 6.123233995736766e-17, -1.0]
      - [0.0, 1.0, 6.123233995736766e-17]
      translation: [0.0, 0.0, 0.0]
    name: planar_gripper::finger1_link1
  - X_WF:
      rotation:
      - [1.0, 0.0, 0.0]
      - [0.0, -1.0, -1.2246467991473532e-16]
      - [0.0, 1.2246467991473532e-16, -1.0]
      translation: [0.0, 0.085, -5.204748896376251e-18]
    name: planar_gripper::finger1_link2
  - X_WF:
      rotation:
      - [1.0, 0.0, 0.0]
      - [0.0, -1.0, -1.2246467991473532e-16]
      - [0.0, 1.2246467991473532e-16, -1.0]
      translation: [0.0, 0.085, 0.04499999999999999]
    name: planar_gripper::finger1_tip_link
  - X_WF:
      rotation:
      - [1.0, 0.0, 0.0]
      - [0.0, 1.0, 0.0]
      - [0.0, 0.0, 1.0]
      translation: [0.0, 0.0, 0.0]
    name: planar_gripper::finger2_base
  - X_WF:
      rotation:
      - [1.0, 0.0, 0.0]
      - [0.0, 6.123233995736766e-17, -1.0]
      - [0.0, 1.0, 6.123233995736766e-17]
      translation: [0.0, 0.0, 0.0]
    name: planar_gripper::finger2_link1
  - X_WF:
      rotation:
      - [1.0, 0.0, 0.0]
      - [0.0, -1.0, -1.2246467991473532e-16]
      - [0.0, 1.2246467991473532e-16, -1.0]
      translation: [0.0, 0.085, -5.204748896376251e-18]
    name: planar_gripper::finger2_link2
  - X_WF:
      rotation:
      - [1.0, 0.0, 0.0]
      - [0.0, -1.0, -1.2246467991473532e-16]
      - [0.0, 1.2246467991473532e-16, -1.0]
      translation: [0.0, 0.085, 0.04499999999999999]
    name: planar_gripper::finger2_tip_link
  - X_WF:
      rotation:
      - [1.0, 0.0, 0.0]
      - [0.0, 1.0, 0.0]
      - [0.0, 0.0, 1.0]
      translation: [0.0, 0.0, 0.0]
    name: planar_gripper::finger3_base
  - X_WF:
      rotation:
      - [1.0, 0.0, 0.0]
      - [0.0, 6.123233995736766e-17, -1.0]
      - [0.0, 1.0, 6.123233995736766e-17]
      translation: [0.0, 0.0, 0.0]
    name: planar_gripper::finger3_link1
  - X_WF:
      rotation:
      - [1.0, 0.0, 0.0]
      - [0.0, -1.0, -1.2246467991473532e-16]
      - [0.0, 1.2246467991473532e-16, -1.0]
      translation: [0.0, 0.085, -5.204748896376251e-18]
    name: planar_gripper::finger3_link2
  - X_WF:
      rotation:
      - [1.0, 0.0, 0.0]
      - [0.0, -1.0, -1.2246467991473532e-16]
      - [0.0, 1.2246467991473532e-16, -1.0]
      translation: [0.0, 0.085, 0.04499999999999999]
    name: planar_gripper::finger3_tip_link
  note: Pi/2
  q:
    names: [finger1_BaseJoint, finger2_BaseJoint, finger3_BaseJoint, finger1_MidJoint,
      finger2_MidJoint, finger3_MidJoint]
    values: [1.5707963267948966, 1.5707963267948966, 1.5707963267948966, 1.5707963267948966,
      1.5707963267948966, 1.5707963267948966]
expression: {expr: make_plant('drake/examples/planar_gripper/planar_gripper.sdf'),
  module: __main__}
type_name: tuple
